color [0] [0,74,173,255]
cut [0] [X] [120]
merge [0.1] [0.0]
cut [1] [X] [85]
merge [1.1] [1.0]
cut [2] [X] [4]
merge [2.1] [2.0]
cut [3] [X] [18]
merge [3.1] [3.0]
cut [4] [X] [97]
merge [4.1] [4.0]
cut [5] [X] [310]
merge [5.0] [5.1]
cut [6] [X] [7]
merge [6.1] [6.0]
cut [7] [X] [117]
merge [7.1] [7.0]
cut [8] [X] [276]
merge [8.0] [8.1]
cut [9] [Y] [45]
color [9.1] [255,255,255,255]
merge [9.1] [9.0]
cut [10] [40,41]
color [10.2] [0,0,0,255]
merge [10.1] [10.0]
merge [10.2] [10.3]
merge [12] [11]
cut [13] [79,43]
color [13.2] [255,255,255,255]
merge [13.1] [13.0]
merge [13.2] [13.3]
merge [15] [14]
cut [16] [120,43]
color [16.2] [0,0,0,255]
merge [16.1] [16.0]
merge [16.2] [16.3]
merge [18] [17]
cut [19] [159,41]
color [19.2] [255,255,255,255]
merge [19.1] [19.0]
merge [19.2] [19.3]
merge [21] [20]
cut [22] [199,42]
color [22.2] [0,0,0,255]
merge [22.1] [22.0]
merge [22.2] [22.3]
merge [24] [23]
cut [25] [237,43]
color [25.2] [255,255,255,255]
merge [25.0] [25.1]
merge [25.3] [25.2]
merge [27] [26]
cut [28] [278,40]
color [28.2] [0,0,0,255]
merge [28.0] [28.1]
merge [28.3] [28.2]
merge [30] [29]
cut [31] [318,40]
color [31.2] [0,74,173,255]
merge [31.0] [31.1]
merge [31.3] [31.2]
merge [33] [32]
cut [34] [391,117]
merge [34.0] [34.1]
merge [34.3] [34.2]
merge [36] [35]
cut [37] [Y] [83]
color [37.1] [0,0,0,255]
merge [37.1] [37.0]
cut [38] [40,83]
color [38.2] [255,255,255,255]
merge [38.1] [38.0]
merge [38.2] [38.3]
merge [40] [39]
cut [41] [80,82]
color [41.2] [0,0,0,255]
merge [41.1] [41.0]
merge [41.2] [41.3]
merge [43] [42]
cut [44] [119,82]
color [44.2] [255,255,255,255]
merge [44.1] [44.0]
merge [44.2] [44.3]
merge [46] [45]
cut [47] [159,82]
color [47.2] [0,0,0,255]
merge [47.1] [47.0]
merge [47.2] [47.3]
merge [49] [48]
cut [50] [200,83]
color [50.2] [255,255,255,255]
merge [50.0] [50.1]
merge [50.2] [50.3]
merge [52] [51]
cut [53] [238,84]
color [53.2] [0,0,0,255]
merge [53.0] [53.1]
merge [53.3] [53.2]
merge [55] [54]
cut [56] [278,83]
color [56.2] [255,255,255,255]
merge [56.0] [56.1]
merge [56.3] [56.2]
merge [58] [57]
cut [59] [318,82]
color [59.2] [0,0,0,255]
merge [59.0] [59.1]
merge [59.3] [59.2]
merge [61] [60]
cut [62] [360,207]
merge [62.0] [62.1]
merge [62.3] [62.2]
merge [63] [64]
cut [65] [Y] [123]
color [65.1] [255,255,255,255]
merge [65.1] [65.0]
cut [66] [40,122]
color [66.2] [0,0,0,255]
merge [66.1] [66.0]
merge [66.2] [66.3]
merge [68] [67]
cut [69] [80,123]
color [69.2] [255,255,255,255]
merge [69.1] [69.0]
merge [69.2] [69.3]
merge [71] [70]
cut [72] [120,124]
color [72.2] [0,0,0,255]
merge [72.1] [72.0]
merge [72.2] [72.3]
merge [74] [73]
cut [75] [159,122]
color [75.2] [255,255,255,255]
merge [75.1] [75.0]
merge [75.2] [75.3]
merge [77] [76]
cut [78] [198,122]
color [78.2] [0,0,0,255]
merge [78.1] [78.0]
merge [78.2] [78.3]
merge [80] [79]
cut [81] [238,122]
color [81.2] [255,255,255,255]
merge [81.0] [81.1]
merge [81.3] [81.2]
merge [83] [82]
cut [84] [278,122]
color [84.2] [0,0,0,255]
merge [84.0] [84.1]
merge [84.3] [84.2]
merge [86] [85]
cut [87] [319,122]
color [87.2] [255,255,255,255]
merge [87.0] [87.1]
merge [87.3] [87.2]
merge [89] [88]
cut [90] [392,117]
merge [90.0] [90.1]
merge [90.3] [90.2]
merge [92] [91]
cut [93] [Y] [162]
color [93.1] [0,0,0,255]
merge [93.1] [93.0]
cut [94] [40,162]
color [94.2] [255,255,255,255]
merge [94.1] [94.0]
merge [94.2] [94.3]
merge [96] [95]
cut [97] [80,162]
color [97.2] [0,0,0,255]
merge [97.1] [97.0]
merge [97.2] [97.3]
merge [99] [98]
cut [100] [120,163]
color [100.2] [255,255,255,255]
merge [100.1] [100.0]
merge [100.2] [100.3]
merge [102] [101]
cut [103] [158,163]
color [103.2] [0,0,0,255]
merge [103.1] [103.0]
merge [103.2] [103.3]
merge [105] [104]
cut [106] [198,163]
color [106.2] [255,255,255,255]
merge [106.1] [106.0]
merge [106.2] [106.3]
merge [108] [107]
cut [109] [238,161]
color [109.2] [0,0,0,255]
merge [109.0] [109.1]
merge [109.3] [109.2]
merge [111] [110]
cut [112] [277,162]
color [112.2] [255,255,255,255]
merge [112.0] [112.1]
merge [112.3] [112.2]
merge [114] [113]
cut [115] [317,161]
color [115.2] [0,0,0,255]
merge [115.0] [115.1]
merge [115.3] [115.2]
merge [117] [116]
cut [118] [396,120]
merge [118.0] [118.1]
merge [118.3] [118.2]
merge [120] [119]
cut [121] [Y] [201]
color [121.1] [255,255,255,255]
merge [121.0] [121.1]
cut [122] [40,201]
color [122.2] [0,0,0,255]
merge [122.1] [122.0]
merge [122.2] [122.3]
merge [123] [124]
cut [125] [80,202]
color [125.2] [255,255,255,255]
merge [125.1] [125.0]
merge [125.2] [125.3]
merge [126] [127]
cut [128] [120,200]
color [128.2] [0,0,0,255]
merge [128.1] [128.0]
merge [128.2] [128.3]
merge [130] [129]
cut [131] [159,202]
color [131.2] [255,255,255,255]
merge [131.1] [131.0]
merge [131.2] [131.3]
merge [132] [133]
cut [134] [198,200]
color [134.2] [0,0,0,255]
merge [134.1] [134.0]
merge [134.2] [134.3]
merge [136] [135]
cut [137] [237,200]
color [137.2] [255,255,255,255]
merge [137.0] [137.1]
merge [137.3] [137.2]
merge [139] [138]
cut [140] [277,202]
color [140.2] [0,0,0,255]
merge [140.0] [140.1]
merge [140.3] [140.2]
merge [141] [142]
cut [143] [317,200]
color [143.2] [255,255,255,255]
merge [143.0] [143.1]
merge [143.3] [143.2]
merge [145] [144]
cut [146] [381,280]
merge [146.0] [146.1]
merge [146.3] [146.2]
merge [147] [148]
cut [149] [Y] [241]
color [149.1] [0,0,0,255]
merge [149.0] [149.1]
cut [150] [40,241]
color [150.2] [255,255,255,255]
merge [150.1] [150.0]
merge [150.2] [150.3]
merge [151] [152]
cut [153] [80,241]
color [153.2] [0,0,0,255]
merge [153.1] [153.0]
merge [153.2] [153.3]
merge [154] [155]
cut [156] [120,241]
color [156.2] [255,255,255,255]
merge [156.1] [156.0]
merge [156.2] [156.3]
merge [157] [158]
cut [159] [159,240]
color [159.2] [0,0,0,255]
merge [159.1] [159.0]
merge [159.2] [159.3]
merge [160] [161]
cut [162] [200,240]
color [162.2] [255,255,255,255]
merge [162.0] [162.1]
merge [162.2] [162.3]
merge [163] [164]
cut [165] [238,240]
color [165.2] [0,0,0,255]
merge [165.0] [165.1]
merge [165.3] [165.2]
merge [166] [167]
cut [168] [277,241]
color [168.2] [255,255,255,255]
merge [168.0] [168.1]
merge [168.3] [168.2]
merge [169] [170]
cut [171] [318,240]
color [171.2] [0,0,0,255]
merge [171.0] [171.1]
merge [171.3] [171.2]
merge [172] [173]
cut [174] [371,109]
merge [174.0] [174.1]
merge [174.3] [174.2]
merge [176] [175]
cut [177] [Y] [281]
color [177.1] [255,255,255,255]
merge [177.0] [177.1]
cut [178] [40,280]
color [178.2] [0,0,0,255]
merge [178.1] [178.0]
merge [178.2] [178.3]
merge [179] [180]
cut [181] [80,280]
color [181.2] [255,255,255,255]
merge [181.1] [181.0]
merge [181.2] [181.3]
merge [182] [183]
cut [184] [119,281]
color [184.2] [0,0,0,255]
merge [184.1] [184.0]
merge [184.2] [184.3]
merge [185] [186]
cut [187] [160,280]
color [187.2] [255,255,255,255]
merge [187.1] [187.0]
merge [187.2] [187.3]
merge [188] [189]
cut [190] [198,280]
color [190.2] [0,0,0,255]
merge [190.1] [190.0]
merge [190.2] [190.3]
merge [191] [192]
cut [193] [238,280]
color [193.2] [255,255,255,255]
merge [193.0] [193.1]
merge [193.3] [193.2]
merge [194] [195]
cut [196] [277,282]
color [196.2] [0,0,0,255]
merge [196.0] [196.1]
merge [196.3] [196.2]
merge [197] [198]
cut [199] [317,280]
color [199.2] [255,255,255,255]
merge [199.0] [199.1]
merge [199.3] [199.2]
merge [200] [201]
cut [202] [356,193]
merge [202.0] [202.1]
merge [202.3] [202.2]
merge [204] [203]
cut [205] [Y] [320]
color [205.1] [0,0,0,255]
merge [205.0] [205.1]
cut [206] [40,320]
color [206.2] [255,255,255,255]
merge [206.1] [206.0]
merge [206.2] [206.3]
merge [207] [208]
cut [209] [80,320]
color [209.2] [0,0,0,255]
merge [209.1] [209.0]
merge [209.2] [209.3]
merge [210] [211]
cut [212] [119,320]
color [212.2] [255,255,255,255]
merge [212.1] [212.0]
merge [212.2] [212.3]
merge [213] [214]
cut [215] [160,320]
color [215.2] [0,0,0,255]
merge [215.1] [215.0]
merge [215.2] [215.3]
merge [216] [217]
cut [218] [198,320]
color [218.2] [255,255,255,255]
merge [218.1] [218.0]
merge [218.2] [218.3]
merge [219] [220]
cut [221] [238,320]
color [221.2] [0,0,0,255]
merge [221.0] [221.1]
merge [221.3] [221.2]
merge [222] [223]
cut [224] [278,320]
color [224.2] [255,255,255,255]
merge [224.0] [224.1]
merge [224.3] [224.2]
merge [225] [226]
cut [227] [317,320]
color [227.2] [0,0,0,255]
merge [227.0] [227.1]
merge [227.3] [227.2]
merge [228] [229]
cut [230] [394,273]
merge [230.0] [230.1]
merge [230.3] [230.2]
merge [231] [232]
cut [233] [Y] [360]
color [233.1] [255,255,255,255]
merge [233.0] [233.1]
cut [234] [40,360]
color [234.2] [0,0,0,255]
merge [234.1] [234.0]
merge [234.2] [234.3]
merge [235] [236]
cut [237] [80,360]
color [237.2] [255,255,255,255]
merge [237.1] [237.0]
merge [237.2] [237.3]
merge [238] [239]
cut [240] [119,360]
color [240.2] [0,0,0,255]
merge [240.1] [240.0]
merge [240.2] [240.3]
merge [241] [242]
cut [243] [159,360]
color [243.2] [255,255,255,255]
merge [243.1] [243.0]
merge [243.2] [243.3]
merge [244] [245]
cut [246] [199,360]
color [246.2] [0,0,0,255]
merge [246.1] [246.0]
merge [246.2] [246.3]
merge [247] [248]
cut [249] [238,360]
color [249.2] [255,255,255,255]
merge [249.0] [249.1]
merge [249.3] [249.2]
merge [250] [251]
cut [252] [277,360]
color [252.2] [0,0,0,255]
merge [252.0] [252.1]
merge [252.3] [252.2]
merge [253] [254]
cut [255] [317,360]
color [255.2] [255,255,255,255]
merge [255.0] [255.1]
merge [255.3] [255.2]
merge [256] [257]
cut [258] [357,62]
color [258.2] [0,74,173,255]
merge [258.0] [258.1]
merge [258.3] [258.2]
merge [260] [259]
