cut [0] [X] [9]
color [0.1] [38,56,146,255]
merge [0.1] [0.0]
cut [1] [X] [68]
merge [1.1] [1.0]
cut [2] [X] [76]
color [2.1] [33,33,32,255]
merge [2.1] [2.0]
cut [3] [X] [334]
merge [3.0] [3.1]
cut [4] [X] [274]
merge [4.0] [4.1]
cut [5] [X] [220]
color [5.1] [26,35,126,255]
merge [5.0] [5.1]
cut [6] [X] [369]
merge [6.0] [6.1]
cut [7] [Y] [36]
color [7.1] [26,35,127,255]
merge [7.1] [7.0]
cut [8] [6,117]
merge [8.1] [8.0]
merge [8.2] [8.3]
merge [10] [9]
cut [11] [62,36]
color [11.2] [33,33,33,255]
merge [11.1] [11.0]
merge [11.2] [11.3]
merge [13] [12]
cut [14] [397,118]
merge [14.0] [14.1]
merge [14.3] [14.2]
merge [16] [15]
cut [17] [10,119]
merge [17.1] [17.0]
merge [17.2] [17.3]
merge [19] [18]
cut [20] [366,203]
merge [20.0] [20.1]
merge [20.3] [20.2]
merge [21] [22]
cut [23] [357,219]
merge [23.0] [23.1]
merge [23.3] [23.2]
merge [24] [25]
cut [26] [193,36]
color [26.2] [27,37,126,255]
merge [26.1] [26.0]
merge [26.2] [26.3]
merge [28] [27]
cut [29] [Y] [112]
color [29.1] [255,236,179,255]
merge [29.1] [29.0]
cut [30] [1,132]
merge [30.1] [30.0]
merge [30.2] [30.3]
merge [32] [31]
cut [33] [69,112]
color [33.2] [35,32,33,255]
merge [33.1] [33.0]
merge [33.2] [33.3]
merge [35] [34]
cut [36] [159,112]
color [36.2] [255,236,178,255]
merge [36.1] [36.0]
merge [36.2] [36.3]
merge [38] [37]
cut [39] [73,199]
merge [39.1] [39.0]
merge [39.2] [39.3]
merge [41] [40]
cut [42] [367,198]
merge [42.0] [42.1]
merge [42.3] [42.2]
merge [44] [43]
cut [45] [342,201]
merge [45.0] [45.1]
merge [45.3] [45.2]
merge [46] [47]
cut [48] [284,84]
color [48.2] [39,52,144,255]
merge [48.0] [48.1]
merge [48.3] [48.2]
merge [50] [49]
cut [51] [Y] [153]
color [51.1] [57,74,170,255]
merge [51.1] [51.0]
cut [52] [71,152]
color [52.2] [36,35,35,255]
merge [52.1] [52.0]
merge [52.2] [52.3]
merge [54] [53]
cut [55] [123,147]
color [55.2] [56,73,170,255]
merge [55.1] [55.0]
merge [55.2] [55.3]
merge [57] [56]
cut [58] [147,145]
color [58.2] [255,237,178,255]
merge [58.1] [58.0]
merge [58.2] [58.3]
merge [60] [59]
cut [61] [211,163]
color [61.2] [60,78,177,255]
merge [61.0] [61.1]
merge [61.3] [61.2]
merge [63] [62]
cut [64] [203,179]
color [64.2] [123,134,203,255]
merge [64.0] [64.1]
merge [64.3] [64.2]
merge [66] [65]
cut [67] [387,277]
merge [67.0] [67.1]
merge [67.3] [67.2]
merge [68] [69]
cut [70] [351,150]
color [70.2] [255,237,178,255]
merge [70.0] [70.1]
merge [70.3] [70.2]
merge [72] [71]
cut [73] [Y] [201]
color [73.1] [92,110,193,255]
merge [73.0] [73.1]
cut [74] [14,121]
merge [74.1] [74.0]
merge [74.2] [74.3]
merge [76] [75]
cut [77] [78,200]
color [77.2] [34,28,36,255]
merge [77.1] [77.0]
merge [77.2] [77.3]
merge [78] [79]
cut [80] [118,198]
color [80.2] [57,74,173,255]
merge [80.1] [80.0]
merge [80.2] [80.3]
merge [82] [81]
cut [83] [167,197]
color [83.2] [120,133,203,255]
merge [83.1] [83.0]
merge [83.2] [83.3]
merge [85] [84]
cut [86] [398,124]
merge [86.0] [86.1]
merge [86.3] [86.2]
merge [88] [87]
cut [89] [388,125]
merge [89.0] [89.1]
merge [89.3] [89.2]
merge [91] [90]
cut [92] [392,282]
merge [92.0] [92.1]
merge [92.3] [92.2]
merge [93] [94]
cut [95] [Y] [388]
merge [95.0] [95.1]
cut [96] [15,121]
merge [96.1] [96.0]
merge [96.2] [96.3]
merge [98] [97]
cut [99] [100,274]
color [99.2] [56,75,173,255]
merge [99.1] [99.0]
merge [99.2] [99.3]
merge [100] [101]
cut [102] [5,127]
merge [102.1] [102.0]
merge [102.2] [102.3]
merge [104] [103]
cut [105] [385,120]
merge [105.0] [105.1]
merge [105.3] [105.2]
merge [107] [106]
cut [108] [106,248]
color [108.2] [93,105,192,255]
merge [108.1] [108.0]
merge [108.2] [108.3]
merge [109] [110]
cut [111] [302,270]
color [111.2] [255,222,131,255]
merge [111.0] [111.1]
merge [111.3] [111.2]
merge [112] [113]
cut [114] [333,220]
color [114.2] [57,73,171,255]
merge [114.0] [114.1]
merge [114.3] [114.2]
merge [115] [116]
cut [117] [Y] [314]
color [117.1] [56,73,173,255]
merge [117.0] [117.1]
cut [118] [3,275]
merge [118.1] [118.0]
merge [118.2] [118.3]
merge [119] [120]
cut [121] [96,302]
color [121.2] [255,213,82,255]
merge [121.1] [121.0]
merge [121.2] [121.3]
merge [122] [123]
cut [124] [43,195]
merge [124.1] [124.0]
merge [124.2] [124.3]
merge [126] [125]
cut [127] [131,300]
color [127.2] [91,107,191,255]
merge [127.1] [127.0]
merge [127.2] [127.3]
merge [128] [129]
cut [130] [397,271]
merge [130.0] [130.1]
merge [130.3] [130.2]
merge [131] [132]
cut [133] [394,271]
merge [133.0] [133.1]
merge [133.3] [133.2]
merge [134] [135]
cut [136] [390,122]
merge [136.0] [136.1]
merge [136.3] [136.2]
merge [138] [137]
cut [139] [Y] [40]
merge [139.1] [139.0]
cut [140] [2,341]
color [140.2] [57,72,170,255]
merge [140.1] [140.0]
merge [140.2] [140.3]
merge [141] [142]
cut [143] [44,216]
merge [143.1] [143.0]
merge [143.2] [143.3]
merge [144] [145]
cut [146] [373,289]
merge [146.0] [146.1]
merge [146.3] [146.2]
merge [147] [148]
cut [149] [269,298]
color [149.2] [57,73,171,255]
merge [149.0] [149.1]
merge [149.3] [149.2]
merge [150] [151]
cut [152] [396,283]
merge [152.0] [152.1]
merge [152.3] [152.2]
merge [153] [154]
cut [155] [356,217]
merge [155.0] [155.1]
merge [155.3] [155.2]
merge [156] [157]
cut [158] [358,199]
merge [158.0] [158.1]
merge [158.3] [158.2]
merge [160] [159]
