color [0] [239,174,43,255]
cut [0] [X] [22]
color [0.1] [219,88,6,255]
merge [0.1] [0.0]
cut [1] [X] [121]
merge [1.1] [1.0]
cut [2] [X] [37]
merge [2.1] [2.0]
cut [3] [X] [32]
merge [3.1] [3.0]
cut [4] [X] [91]
color [4.1] [189,26,4,255]
merge [4.1] [4.0]
cut [5] [X] [66]
merge [5.1] [5.0]
cut [6] [X] [122]
color [6.1] [156,2,0,255]
merge [6.1] [6.0]
cut [7] [X] [295]
merge [7.0] [7.1]
cut [8] [X] [328]
merge [8.0] [8.1]
cut [9] [X] [274]
color [9.1] [72,70,76,255]
merge [9.0] [9.1]
cut [10] [X] [322]
color [10.1] [168,17,3,255]
merge [10.0] [10.1]
cut [11] [X] [352]
color [11.1] [234,156,18,255]
merge [11.0] [11.1]
cut [12] [23,97]
merge [12.1] [12.0]
merge [12.2] [12.3]
merge [14] [13]
cut [15] [19,29]
color [15.2] [244,211,114,255]
merge [15.1] [15.0]
merge [15.2] [15.3]
merge [17] [16]
cut [18] [98,29]
color [18.2] [231,133,3,255]
merge [18.1] [18.0]
merge [18.2] [18.3]
merge [20] [19]
cut [21] [128,29]
color [21.2] [79,56,64,255]
merge [21.1] [21.0]
merge [21.2] [21.3]
merge [23] [22]
cut [24] [154,29]
color [24.2] [245,218,117,255]
merge [24.1] [24.0]
merge [24.2] [24.3]
merge [26] [25]
cut [27] [70,197]
merge [27.1] [27.0]
merge [27.2] [27.3]
merge [29] [28]
cut [30] [195,29]
color [30.2] [183,28,6,255]
merge [30.1] [30.0]
merge [30.2] [30.3]
merge [32] [31]
cut [33] [381,280]
merge [33.0] [33.1]
merge [33.3] [33.2]
merge [34] [35]
cut [36] [269,29]
color [36.2] [228,130,18,255]
merge [36.0] [36.1]
merge [36.3] [36.2]
merge [38] [37]
cut [39] [382,182]
merge [39.0] [39.1]
merge [39.3] [39.2]
merge [41] [40]
cut [42] [328,29]
color [42.2] [175,16,9,255]
merge [42.0] [42.1]
merge [42.3] [42.2]
merge [44] [43]
cut [45] [352,18]
color [45.2] [236,165,20,255]
merge [45.0] [45.1]
merge [45.3] [45.2]
merge [47] [46]
cut [48] [Y] [58]
color [48.1] [209,88,11,255]
merge [48.1] [48.0]
cut [49] [30,58]
color [49.2] [208,135,75,255]
merge [49.1] [49.0]
merge [49.2] [49.3]
merge [51] [50]
cut [52] [54,58]
color [52.2] [239,208,112,255]
merge [52.1] [52.0]
merge [52.2] [52.3]
merge [54] [53]
cut [55] [1,281]
merge [55.1] [55.0]
merge [55.2] [55.3]
merge [56] [57]
cut [58] [3,118]
merge [58.1] [58.0]
merge [58.2] [58.3]
merge [60] [59]
cut [61] [108,58]
color [61.2] [216,160,83,255]
merge [61.1] [61.0]
merge [61.2] [61.3]
merge [63] [62]
cut [64] [189,58]
color [64.2] [184,29,5,255]
merge [64.1] [64.0]
merge [64.2] [64.3]
merge [66] [65]
cut [67] [4,277]
merge [67.1] [67.0]
merge [67.2] [67.3]
merge [68] [69]
cut [70] [367,217]
merge [70.0] [70.1]
merge [70.3] [70.2]
merge [71] [72]
cut [73] [245,53]
color [73.2] [231,132,10,255]
merge [73.0] [73.1]
merge [73.3] [73.2]
merge [75] [74]
cut [76] [391,276]
merge [76.0] [76.1]
merge [76.3] [76.2]
merge [77] [78]
cut [79] [368,211]
merge [79.0] [79.1]
merge [79.3] [79.2]
merge [80] [81]
cut [82] [Y] [87]
color [82.1] [99,47,50,255]
merge [82.1] [82.0]
cut [83] [6,273]
merge [83.1] [83.0]
merge [83.2] [83.3]
merge [84] [85]
cut [86] [19,120]
merge [86.1] [86.0]
merge [86.2] [86.3]
merge [88] [87]
cut [89] [70,86]
color [89.2] [218,88,9,255]
merge [89.1] [89.0]
merge [89.2] [89.3]
merge [91] [90]
cut [92] [104,87]
color [92.2] [155,13,6,255]
merge [92.1] [92.0]
merge [92.2] [92.3]
merge [94] [93]
cut [95] [156,87]
color [95.2] [209,69,5,255]
merge [95.1] [95.0]
merge [95.2] [95.3]
merge [97] [96]
cut [98] [41,267]
merge [98.1] [98.0]
merge [98.2] [98.3]
merge [99] [100]
cut [101] [188,87]
color [101.2] [235,161,19,255]
merge [101.1] [101.0]
merge [101.2] [101.3]
merge [103] [102]
cut [104] [394,121]
merge [104.0] [104.1]
merge [104.3] [104.2]
merge [106] [105]
cut [107] [238,88]
color [107.2] [159,12,5,255]
merge [107.0] [107.1]
merge [107.3] [107.2]
merge [109] [108]
cut [110] [303,86]
color [110.2] [222,120,21,255]
merge [110.0] [110.1]
merge [110.3] [110.2]
merge [112] [111]
cut [113] [341,65]
color [113.2] [64,57,56,255]
merge [113.0] [113.1]
merge [113.3] [113.2]
merge [115] [114]
cut [116] [1,125]
merge [116.1] [116.0]
merge [116.2] [116.3]
merge [118] [117]
cut [119] [3,131]
merge [119.1] [119.0]
merge [119.2] [119.3]
merge [121] [120]
cut [122] [4,276]
merge [122.1] [122.0]
merge [122.2] [122.3]
merge [123] [124]
cut [125] [119,116]
color [125.2] [71,56,58,255]
merge [125.1] [125.0]
merge [125.2] [125.3]
merge [127] [126]
cut [128] [145,116]
color [128.2] [204,64,0,255]
merge [128.1] [128.0]
merge [128.2] [128.3]
merge [130] [129]
cut [131] [39,185]
merge [131.1] [131.0]
merge [131.2] [131.3]
merge [133] [132]
cut [134] [177,116]
color [134.2] [236,160,15,255]
merge [134.1] [134.0]
merge [134.2] [134.3]
merge [136] [135]
cut [137] [249,112]
color [137.2] [161,8,3,255]
merge [137.0] [137.1]
merge [137.3] [137.2]
merge [139] [138]
cut [140] [309,109]
color [140.2] [207,65,0,255]
merge [140.0] [140.1]
merge [140.3] [140.2]
merge [142] [141]
cut [143] [345,109]
color [143.2] [169,20,7,255]
merge [143.0] [143.1]
merge [143.3] [143.2]
merge [145] [144]
cut [146] [Y] [158]
color [146.1] [91,65,78,255]
merge [146.1] [146.0]
cut [147] [81,157]
color [147.2] [205,144,104,255]
merge [147.1] [147.0]
merge [147.2] [147.3]
merge [149] [148]
cut [150] [8,283]
merge [150.1] [150.0]
merge [150.2] [150.3]
merge [151] [152]
cut [153] [137,145]
color [153.2] [205,62,0,255]
merge [153.1] [153.0]
merge [153.2] [153.3]
merge [155] [154]
cut [156] [168,145]
color [156.2] [236,160,15,255]
merge [156.1] [156.0]
merge [156.2] [156.3]
merge [158] [157]
cut [159] [364,200]
merge [159.0] [159.1]
merge [159.3] [159.2]
merge [161] [160]
cut [162] [265,145]
color [162.2] [159,0,0,255]
merge [162.0] [162.1]
merge [162.3] [162.2]
merge [164] [163]
cut [165] [387,123]
merge [165.0] [165.1]
merge [165.3] [165.2]
merge [167] [166]
cut [168] [315,145]
color [168.2] [210,68,11,255]
merge [168.0] [168.1]
merge [168.3] [168.2]
merge [170] [169]
cut [171] [352,145]
color [171.2] [167,11,0,255]
merge [171.0] [171.1]
merge [171.3] [171.2]
merge [173] [172]
cut [174] [1,174]
color [174.2] [80,82,89,255]
merge [174.1] [174.0]
merge [174.2] [174.3]
merge [176] [175]
cut [177] [26,109]
merge [177.1] [177.0]
merge [177.2] [177.3]
merge [179] [178]
cut [180] [75,174]
color [180.2] [244,221,151,255]
merge [180.1] [180.0]
merge [180.2] [180.3]
merge [182] [181]
cut [183] [102,174]
color [183.2] [195,53,4,255]
merge [183.1] [183.0]
merge [183.2] [183.3]
merge [185] [184]
cut [186] [4,119]
merge [186.1] [186.0]
merge [186.2] [186.3]
merge [188] [187]
cut [189] [177,174]
color [189.2] [236,160,17,255]
merge [189.1] [189.0]
merge [189.2] [189.3]
merge [191] [190]
cut [192] [269,174]
color [192.2] [183,23,0,255]
merge [192.0] [192.1]
merge [192.3] [192.2]
merge [194] [193]
cut [195] [312,174]
color [195.2] [237,172,40,255]
merge [195.0] [195.1]
merge [195.3] [195.2]
merge [197] [196]
cut [198] [391,119]
merge [198.0] [198.1]
merge [198.3] [198.2]
merge [200] [199]
cut [201] [9,203]
color [201.2] [79,79,87,255]
merge [201.1] [201.0]
merge [201.2] [201.3]
merge [202] [203]
cut [204] [66,203]
color [204.2] [244,216,152,255]
merge [204.1] [204.0]
merge [204.2] [204.3]
merge [205] [206]
cut [207] [54,186]
merge [207.1] [207.0]
merge [207.2] [207.3]
merge [209] [208]
cut [210] [102,203]
color [210.2] [193,50,7,255]
merge [210.1] [210.0]
merge [210.2] [210.3]
merge [211] [212]
cut [213] [142,205]
color [213.2] [144,0,12,255]
merge [213.1] [213.0]
merge [213.2] [213.3]
merge [214] [215]
cut [216] [205,203]
color [216.2] [218,87,0,255]
merge [216.0] [216.1]
merge [216.3] [216.2]
merge [217] [218]
cut [219] [270,203]
color [219.2] [185,20,0,255]
merge [219.0] [219.1]
merge [219.3] [219.2]
merge [220] [221]
cut [222] [306,203]
color [222.2] [234,172,28,255]
merge [222.0] [222.1]
merge [222.3] [222.2]
merge [223] [224]
cut [225] [391,120]
merge [225.0] [225.1]
merge [225.3] [225.2]
merge [227] [226]
cut [228] [55,232]
color [228.2] [244,218,148,255]
merge [228.1] [228.0]
merge [228.2] [228.3]
merge [229] [230]
cut [231] [13,279]
merge [231.1] [231.0]
merge [231.2] [231.3]
merge [232] [233]
cut [234] [106,232]
color [234.2] [196,49,5,255]
merge [234.1] [234.0]
merge [234.2] [234.3]
merge [235] [236]
cut [237] [157,232]
color [237.2] [142,2,11,255]
merge [237.1] [237.0]
merge [237.2] [237.3]
merge [238] [239]
cut [240] [215,232]
color [240.2] [215,85,5,255]
merge [240.0] [240.1]
merge [240.3] [240.2]
merge [241] [242]
cut [243] [263,232]
color [243.2] [141,0,9,255]
merge [243.0] [243.1]
merge [243.3] [243.2]
merge [244] [245]
cut [246] [300,232]
color [246.2] [210,74,2,255]
merge [246.0] [246.1]
merge [246.3] [246.2]
merge [247] [248]
cut [249] [344,177]
color [249.2] [87,53,64,255]
merge [249.0] [249.1]
merge [249.3] [249.2]
merge [251] [250]
cut [252] [Y] [261]
color [252.1] [195,58,8,255]
merge [252.0] [252.1]
cut [253] [34,214]
merge [253.1] [253.0]
merge [253.2] [253.3]
merge [254] [255]
cut [256] [39,261]
color [256.2] [63,44,48,255]
merge [256.1] [256.0]
merge [256.2] [256.3]
merge [257] [258]
cut [259] [113,261]
color [259.2] [193,46,5,255]
merge [259.1] [259.0]
merge [259.2] [259.3]
merge [260] [261]
cut [262] [52,214]
merge [262.1] [262.0]
merge [262.2] [262.3]
merge [263] [264]
cut [265] [173,261]
color [265.2] [143,0,12,255]
merge [265.1] [265.0]
merge [265.2] [265.3]
merge [266] [267]
cut [268] [215,261]
color [268.2] [195,66,9,255]
merge [268.0] [268.1]
merge [268.3] [268.2]
merge [269] [270]
cut [271] [260,261]
color [271.2] [142,2,11,255]
merge [271.0] [271.1]
merge [271.3] [271.2]
merge [272] [273]
cut [274] [300,259]
color [274.2] [207,73,2,255]
merge [274.0] [274.1]
merge [274.3] [274.2]
merge [275] [276]
cut [277] [361,226]
color [277.2] [87,57,53,255]
merge [277.0] [277.1]
merge [277.3] [277.2]
merge [278] [279]
cut [280] [Y] [347]
merge [280.0] [280.1]
cut [281] [1,272]
merge [281.1] [281.0]
merge [281.2] [281.3]
merge [282] [283]
cut [284] [61,201]
merge [284.1] [284.0]
merge [284.2] [284.3]
merge [285] [286]
cut [287] [7,278]
merge [287.1] [287.0]
merge [287.2] [287.3]
merge [288] [289]
cut [290] [28,174]
merge [290.1] [290.0]
merge [290.2] [290.3]
merge [292] [291]
cut [293] [104,290]
color [293.2] [64,45,49,255]
merge [293.1] [293.0]
merge [293.2] [293.3]
merge [294] [295]
cut [296] [175,290]
color [296.2] [191,47,2,255]
merge [296.1] [296.0]
merge [296.2] [296.3]
merge [297] [298]
cut [299] [385,278]
merge [299.0] [299.1]
merge [299.3] [299.2]
merge [300] [301]
cut [302] [379,212]
merge [302.0] [302.1]
merge [302.3] [302.2]
merge [303] [304]
cut [305] [14,301]
merge [305.1] [305.0]
merge [305.2] [305.3]
merge [306] [307]
cut [308] [13,279]
merge [308.1] [308.0]
merge [308.2] [308.3]
merge [309] [310]
cut [311] [377,228]
merge [311.0] [311.1]
merge [311.3] [311.2]
merge [312] [313]
cut [314] [395,282]
merge [314.0] [314.1]
merge [314.3] [314.2]
merge [315] [316]
cut [317] [384,121]
merge [317.0] [317.1]
merge [317.3] [317.2]
merge [319] [318]
cut [320] [345,291]
color [320.2] [231,136,10,255]
merge [320.0] [320.1]
merge [320.3] [320.2]
merge [321] [322]
cut [323] [Y] [336]
color [323.1] [120,21,23,255]
merge [323.0] [323.1]
cut [324] [26,297]
merge [324.1] [324.0]
merge [324.2] [324.3]
merge [325] [326]
cut [327] [13,124]
merge [327.1] [327.0]
merge [327.2] [327.3]
merge [329] [328]
cut [330] [39,335]
color [330.2] [230,125,8,255]
merge [330.1] [330.0]
merge [330.2] [330.3]
merge [331] [332]
cut [333] [20,172]
merge [333.1] [333.0]
merge [333.2] [333.3]
merge [335] [334]
cut [336] [50,216]
merge [336.1] [336.0]
merge [336.2] [336.3]
merge [337] [338]
cut [339] [155,348]
color [339.2] [241,181,49,255]
merge [339.1] [339.0]
merge [339.2] [339.3]
merge [340] [341]
cut [342] [396,120]
merge [342.0] [342.1]
merge [342.3] [342.2]
merge [344] [343]
cut [345] [235,352]
color [345.2] [76,52,77,255]
merge [345.0] [345.1]
merge [345.3] [345.2]
merge [346] [347]
cut [348] [271,335]
color [348.2] [204,76,9,255]
merge [348.0] [348.1]
merge [348.3] [348.2]
merge [349] [350]
cut [351] [306,352]
color [351.2] [90,47,46,255]
merge [351.0] [351.1]
merge [351.3] [351.2]
merge [352] [353]
cut [354] [394,117]
merge [354.0] [354.1]
merge [354.3] [354.2]
merge [356] [355]
