cut [0] [53,114]
color [0.2] [188,166,205,255]
merge [0.2] [0.3]
cut [1] [X] [84]
color [1.1] [255,255,255,255]
merge [1.1] [1.0]
cut [2] [X] [174]
color [2.1] [188,168,205,255]
merge [2.1] [2.0]
cut [3] [X] [184]
color [3.1] [114,57,145,255]
merge [3.1] [3.0]
cut [4] [X] [215]
color [4.1] [255,255,255,255]
merge [4.0] [4.1]
cut [5] [X] [306]
color [5.1] [114,57,142,255]
merge [5.0] [5.1]
cut [6] [X] [341]
color [6.1] [255,255,255,255]
merge [6.0] [6.1]
cut [7] [46,127]
color [7.2] [188,166,204,255]
merge [7.2] [7.3]
cut [8] [X] [101]
color [8.1] [255,255,255,255]
merge [8.1] [8.0]
cut [9] [X] [175]
color [9.1] [114,58,145,255]
merge [9.1] [9.0]
cut [10] [X] [226]
color [10.1] [255,255,255,255]
merge [10.0] [10.1]
cut [11] [X] [297]
color [11.1] [114,58,145,255]
merge [11.0] [11.1]
cut [12] [X] [347]
color [12.1] [255,255,255,255]
merge [12.0] [12.1]
cut [13] [161,140]
color [13.2] [188,166,205,255]
merge [13.2] [13.3]
cut [14] [X] [180]
color [14.1] [114,56,145,255]
merge [14.1] [14.0]
cut [15] [X] [236]
color [15.1] [255,255,255,255]
merge [15.0] [15.1]
cut [16] [X] [291]
color [16.1] [114,57,145,255]
merge [16.0] [16.1]
cut [17] [X] [344]
color [17.1] [255,255,255,255]
merge [17.0] [17.1]
cut [18] [3,156]
color [18.2] [255,255,255,255]
merge [18.2] [18.3]
cut [19] [X] [71]
color [19.1] [188,166,204,255]
merge [19.1] [19.0]
cut [20] [X] [117]
color [20.1] [255,255,255,255]
merge [20.1] [20.0]
cut [21] [X] [157]
color [21.1] [188,166,205,255]
merge [21.1] [21.0]
cut [22] [X] [184]
color [22.1] [251,250,252,255]
merge [22.1] [22.0]
cut [23] [X] [204]
color [23.1] [114,56,145,255]
merge [23.0] [23.1]
cut [24] [X] [248]
color [24.1] [255,255,255,255]
merge [24.0] [24.1]
cut [25] [X] [289]
color [25.1] [114,61,143,255]
merge [25.0] [25.1]
cut [26] [X] [316]
color [26.1] [255,255,255,255]
merge [26.0] [26.1]
cut [27] [17,179]
color [27.2] [255,255,255,255]
merge [27.2] [27.3]
cut [28] [X] [95]
color [28.1] [188,167,205,255]
merge [28.1] [28.0]
cut [29] [X] [127]
color [29.1] [255,253,253,255]
merge [29.1] [29.0]
cut [30] [X] [154]
color [30.1] [188,166,204,255]
merge [30.1] [30.0]
cut [31] [X] [179]
color [31.1] [255,255,255,255]
merge [31.1] [31.0]
cut [32] [X] [226]
color [32.1] [114,57,145,255]
merge [32.0] [32.1]
cut [33] [X] [259]
color [33.1] [253,254,253,255]
merge [33.0] [33.1]
cut [34] [X] [285]
color [34.1] [114,57,143,255]
merge [34.0] [34.1]
cut [35] [X] [310]
color [35.1] [255,255,255,255]
merge [35.0] [35.1]
cut [36] [1,203]
color [36.2] [255,255,255,255]
merge [36.2] [36.3]
cut [37] [X] [108]
color [37.1] [188,167,205,255]
merge [37.1] [37.0]
cut [38] [X] [135]
color [38.1] [251,250,248,255]
merge [38.1] [38.0]
cut [39] [X] [148]
color [39.1] [188,167,204,255]
merge [39.1] [39.0]
cut [40] [X] [173]
color [40.1] [255,255,255,255]
merge [40.1] [40.0]
cut [41] [X] [239]
color [41.1] [114,59,144,255]
merge [41.0] [41.1]
cut [42] [X] [23]
merge [42.1] [42.0]
cut [43] [X] [367]
merge [43.0] [43.1]
cut [44] [X] [304]
color [44.1] [255,255,255,255]
merge [44.0] [44.1]
cut [45] [3,217]
color [45.2] [255,255,255,255]
merge [45.2] [45.3]
cut [46] [X] [121]
color [46.1] [188,168,205,255]
merge [46.1] [46.0]
cut [47] [X] [170]
color [47.1] [255,255,255,255]
merge [47.1] [47.0]
cut [48] [X] [371]
merge [48.0] [48.1]
cut [49] [X] [246]
color [49.1] [114,57,145,255]
merge [49.0] [49.1]
cut [50] [X] [301]
color [50.1] [255,255,255,255]
merge [50.0] [50.1]
cut [51] [161,232]
color [51.2] [255,255,255,255]
merge [51.2] [51.3]
cut [52] [X] [253]
color [52.1] [114,57,145,255]
merge [52.0] [52.1]
cut [53] [X] [295]
color [53.1] [255,255,255,255]
merge [53.0] [53.1]
cut [54] [80,247]
merge [54.2] [54.3]
cut [55] [X] [311]
merge [55.0] [55.1]
cut [56] [X] [289]
color [56.1] [255,255,255,255]
merge [56.0] [56.1]
cut [57] [65,280]
color [57.2] [188,166,205,255]
merge [57.2] [57.3]
cut [58] [X] [141]
color [58.1] [255,255,255,255]
merge [58.1] [58.0]
cut [59] [X] [195]
color [59.1] [114,58,145,255]
merge [59.1] [59.0]
cut [60] [X] [272]
color [60.1] [255,255,255,255]
merge [60.0] [60.1]
cut [61] [118,305]
color [61.2] [255,255,255,255]
merge [61.2] [61.3]
cut [62] [X] [204]
color [62.1] [114,58,144,255]
merge [62.0] [62.1]
cut [63] [X] [250]
color [63.1] [255,255,255,255]
merge [63.0] [63.1]
cut [64] [7,319]
color [64.2] [255,255,255,255]
merge [64.2] [64.3]
