color [0] [109,82,65,255]
cut [0] [X] [83]
color [0.1] [82,73,86,255]
merge [0.1] [0.0]
cut [1] [X] [243]
color [1.1] [93,83,95,255]
merge [1.0] [1.1]
cut [2] [X] [38]
merge [2.1] [2.0]
cut [3] [X] [301]
color [3.1] [89,72,60,255]
merge [3.0] [3.1]
cut [4] [X] [368]
color [4.1] [83,73,86,255]
merge [4.0] [4.1]
cut [5] [145,68]
color [5.2] [172,108,106,255]
merge [5.1] [5.0]
merge [5.2] [5.3]
merge [7] [6]
cut [8] [10,123]
merge [8.1] [8.0]
merge [8.2] [8.3]
merge [10] [9]
cut [11] [222,47]
color [11.2] [101,94,102,255]
merge [11.0] [11.1]
merge [11.3] [11.2]
merge [13] [12]
cut [14] [292,48]
color [14.2] [149,117,86,255]
merge [14.0] [14.1]
merge [14.3] [14.2]
merge [16] [15]
cut [17] [22,91]
color [17.2] [169,106,105,255]
merge [17.1] [17.0]
merge [17.2] [17.3]
merge [19] [18]
cut [20] [60,101]
color [20.2] [94,84,93,255]
merge [20.1] [20.0]
merge [20.2] [20.3]
merge [22] [21]
cut [23] [66,192]
merge [23.1] [23.0]
merge [23.2] [23.3]
merge [25] [24]
cut [26] [137,81]
color [26.2] [255,219,172,255]
merge [26.1] [26.0]
merge [26.2] [26.3]
merge [28] [27]
cut [29] [225,75]
color [29.2] [95,87,98,255]
merge [29.0] [29.1]
merge [29.3] [29.2]
merge [31] [30]
cut [32] [286,71]
color [32.2] [173,107,104,255]
merge [32.0] [32.1]
merge [32.3] [32.2]
merge [34] [33]
cut [35] [344,59]
color [35.2] [177,131,84,255]
merge [35.0] [35.1]
merge [35.3] [35.2]
merge [37] [36]
cut [38] [Y] [132]
color [38.1] [96,69,51,255]
merge [38.1] [38.0]
cut [39] [9,127]
merge [39.1] [39.0]
merge [39.2] [39.3]
merge [41] [40]
cut [42] [83,132]
color [42.2] [94,89,97,255]
merge [42.1] [42.0]
merge [42.2] [42.3]
merge [44] [43]
cut [45] [7,123]
merge [45.1] [45.0]
merge [45.2] [45.3]
merge [47] [46]
cut [48] [162,132]
color [48.2] [255,219,172,255]
merge [48.1] [48.0]
merge [48.2] [48.3]
merge [50] [49]
cut [51] [213,132]
color [51.2] [99,91,101,255]
merge [51.0] [51.1]
merge [51.3] [51.2]
merge [53] [52]
cut [54] [284,132]
color [54.2] [177,128,84,255]
merge [54.0] [54.1]
merge [54.3] [54.2]
merge [56] [55]
cut [57] [Y] [195]
color [57.1] [85,59,42,255]
merge [57.1] [57.0]
cut [58] [1,274]
merge [58.1] [58.0]
merge [58.2] [58.3]
merge [59] [60]
cut [61] [84,193]
color [61.2] [99,92,101,255]
merge [61.1] [61.0]
merge [61.2] [61.3]
merge [63] [62]
cut [64] [129,191]
color [64.2] [255,218,172,255]
merge [64.1] [64.0]
merge [64.2] [64.3]
merge [66] [65]
cut [67] [142,176]
color [67.2] [255,219,172,255]
merge [67.1] [67.0]
merge [67.2] [67.3]
merge [69] [68]
cut [70] [392,274]
merge [70.0] [70.1]
merge [70.3] [70.2]
merge [71] [72]
cut [73] [391,117]
merge [73.0] [73.1]
merge [73.3] [73.2]
merge [75] [74]
cut [76] [Y] [236]
color [76.1] [94,86,97,255]
merge [76.0] [76.1]
cut [77] [12,124]
merge [77.1] [77.0]
merge [77.2] [77.3]
merge [79] [78]
cut [80] [2,125]
merge [80.1] [80.0]
merge [80.2] [80.3]
merge [82] [81]
cut [83] [2,127]
merge [83.1] [83.0]
merge [83.2] [83.3]
merge [85] [84]
cut [86] [123,213]
color [86.2] [255,218,169,255]
merge [86.1] [86.0]
merge [86.2] [86.3]
merge [87] [88]
cut [89] [226,176]
color [89.2] [106,95,101,255]
merge [89.0] [89.1]
merge [89.3] [89.2]
merge [91] [90]
cut [92] [389,281]
merge [92.0] [92.1]
merge [92.3] [92.2]
merge [93] [94]
cut [95] [387,279]
merge [95.0] [95.1]
merge [95.3] [95.2]
merge [96] [97]
cut [98] [331,155]
color [98.2] [94,85,96,255]
merge [98.0] [98.1]
merge [98.3] [98.2]
merge [100] [99]
cut [101] [Y] [280]
color [101.1] [104,94,100,255]
merge [101.0] [101.1]
cut [102] [1,292]
color [102.2] [149,117,87,255]
merge [102.1] [102.0]
merge [102.2] [102.3]
merge [103] [104]
cut [105] [3,129]
merge [105.1] [105.0]
merge [105.2] [105.3]
merge [107] [106]
cut [108] [130,228]
color [108.2] [255,219,172,255]
merge [108.1] [108.0]
merge [108.2] [108.3]
merge [109] [110]
cut [111] [223,228]
color [111.2] [96,88,98,255]
merge [111.0] [111.1]
merge [111.3] [111.2]
merge [112] [113]
cut [114] [273,257]
color [114.2] [152,119,88,255]
merge [114.0] [114.1]
merge [114.3] [114.2]
merge [115] [116]
cut [117] [392,119]
merge [117.0] [117.1]
merge [117.3] [117.2]
merge [119] [118]
cut [120] [331,271]
color [120.2] [201,187,142,255]
merge [120.0] [120.1]
merge [120.3] [120.2]
merge [121] [122]
cut [123] [Y] [322]
color [123.1] [200,186,142,255]
merge [123.0] [123.1]
cut [124] [72,198]
merge [124.1] [124.0]
merge [124.2] [124.3]
merge [126] [125]
cut [127] [20,210]
merge [127.1] [127.0]
merge [127.2] [127.3]
merge [128] [129]
cut [130] [14,279]
merge [130.1] [130.0]
merge [130.2] [130.3]
merge [131] [132]
cut [133] [14,123]
merge [133.1] [133.0]
merge [133.2] [133.3]
merge [135] [134]
cut [136] [121,322]
color [136.2] [101,95,104,255]
merge [136.1] [136.0]
merge [136.2] [136.3]
merge [137] [138]
cut [139] [246,315]
color [139.2] [202,187,141,255]
merge [139.0] [139.1]
merge [139.3] [139.2]
merge [140] [141]
cut [142] [1,358]
color [142.2] [201,187,142,255]
merge [142.1] [142.0]
merge [142.2] [142.3]
merge [143] [144]
cut [145] [10,126]
merge [145.1] [145.0]
merge [145.2] [145.3]
merge [147] [146]
