cut [0] [X] [123]
merge [0.1] [0.0]
cut [1] [X] [85]
merge [1.1] [1.0]
cut [2] [X] [69]
merge [2.1] [2.0]
cut [3] [X] [344]
merge [3.0] [3.1]
cut [4] [X] [389]
merge [4.0] [4.1]
cut [5] [20,32]
color [5.2] [6,173,254,255]
merge [5.1] [5.0]
merge [5.2] [5.3]
merge [7] [6]
cut [8] [57,204]
merge [8.1] [8.0]
merge [8.2] [8.3]
merge [9] [10]
cut [11] [84,32]
color [11.2] [255,255,255,255]
merge [11.1] [11.0]
merge [11.2] [11.3]
merge [13] [12]
cut [14] [58,87]
color [14.2] [255,255,255,255]
merge [14.1] [14.0]
merge [14.2] [14.3]
merge [16] [15]
cut [17] [7,127]
merge [17.1] [17.0]
merge [17.2] [17.3]
merge [19] [18]
cut [20] [380,214]
merge [20.0] [20.1]
merge [20.3] [20.2]
merge [21] [22]
cut [23] [338,197]
merge [23.0] [23.1]
merge [23.3] [23.2]
merge [25] [24]
cut [26] [294,32]
color [26.2] [253,119,12,255]
merge [26.0] [26.1]
merge [26.3] [26.2]
merge [28] [27]
cut [29] [323,48]
color [29.2] [255,255,255,255]
merge [29.0] [29.1]
merge [29.3] [29.2]
merge [31] [30]
cut [32] [342,32]
color [32.2] [255,255,255,255]
merge [32.0] [32.1]
merge [32.3] [32.2]
merge [34] [33]
cut [35] [Y] [47]
merge [35.1] [35.0]
cut [36] [51,201]
merge [36.1] [36.0]
merge [36.2] [36.3]
merge [37] [38]
cut [39] [2,127]
merge [39.1] [39.0]
merge [39.2] [39.3]
merge [41] [40]
cut [42] [71,83]
color [42.2] [255,255,255,255]
merge [42.1] [42.0]
merge [42.2] [42.3]
merge [44] [43]
cut [45] [3,126]
merge [45.1] [45.0]
merge [45.2] [45.3]
merge [47] [46]
cut [48] [40,198]
merge [48.1] [48.0]
merge [48.2] [48.3]
merge [50] [49]
cut [51] [7,121]
merge [51.1] [51.0]
merge [51.2] [51.3]
merge [53] [52]
cut [54] [397,131]
merge [54.0] [54.1]
merge [54.3] [54.2]
merge [56] [55]
cut [57] [385,279]
merge [57.0] [57.1]
merge [57.3] [57.2]
merge [58] [59]
cut [60] [396,120]
merge [60.0] [60.1]
merge [60.3] [60.2]
merge [62] [61]
cut [63] [Y] [93]
color [63.1] [255,255,255,255]
merge [63.1] [63.0]
cut [64] [7,272]
merge [64.1] [64.0]
merge [64.2] [64.3]
merge [65] [66]
cut [67] [7,280]
merge [67.1] [67.0]
merge [67.2] [67.3]
merge [68] [69]
cut [70] [94,104]
color [70.2] [45,141,173,255]
merge [70.1] [70.0]
merge [70.2] [70.3]
merge [72] [71]
cut [73] [7,126]
merge [73.1] [73.0]
merge [73.2] [73.3]
merge [75] [74]
cut [76] [76,137]
color [76.2] [48,122,140,255]
merge [76.1] [76.0]
merge [76.2] [76.3]
merge [78] [77]
cut [79] [397,119]
merge [79.0] [79.1]
merge [79.3] [79.2]
merge [81] [80]
cut [82] [340,199]
merge [82.0] [82.1]
merge [82.3] [82.2]
merge [84] [83]
cut [85] [396,130]
merge [85.0] [85.1]
merge [85.3] [85.2]
merge [87] [86]
cut [88] [389,276]
merge [88.0] [88.1]
merge [88.3] [88.2]
merge [89] [90]
cut [91] [6,128]
merge [91.1] [91.0]
merge [91.2] [91.3]
merge [93] [92]
cut [94] [1,128]
merge [94.1] [94.0]
merge [94.2] [94.3]
merge [96] [95]
cut [97] [6,127]
merge [97.1] [97.0]
merge [97.2] [97.3]
merge [99] [98]
cut [100] [14,120]
merge [100.1] [100.0]
merge [100.2] [100.3]
merge [102] [101]
cut [103] [15,122]
merge [103.1] [103.0]
merge [103.2] [103.3]
merge [105] [104]
cut [106] [107,123]
color [106.2] [255,255,255,255]
merge [106.1] [106.0]
merge [106.2] [106.3]
merge [108] [107]
cut [109] [342,205]
merge [109.0] [109.1]
merge [109.3] [109.2]
merge [110] [111]
cut [112] [378,227]
merge [112.0] [112.1]
merge [112.3] [112.2]
merge [113] [114]
cut [115] [3,131]
merge [115.1] [115.0]
merge [115.2] [115.3]
merge [117] [116]
cut [118] [64,193]
merge [118.1] [118.0]
merge [118.2] [118.3]
merge [120] [119]
cut [121] [95,144]
color [121.2] [255,255,255,255]
merge [121.1] [121.0]
merge [121.2] [121.3]
merge [123] [122]
cut [124] [125,58]
color [124.2] [255,255,255,255]
merge [124.1] [124.0]
merge [124.2] [124.3]
merge [126] [125]
cut [127] [164,136]
color [127.2] [222,120,253,255]
merge [127.1] [127.0]
merge [127.2] [127.3]
merge [129] [128]
cut [130] [365,210]
merge [130.0] [130.1]
merge [130.3] [130.2]
merge [131] [132]
cut [133] [68,198]
merge [133.1] [133.0]
merge [133.2] [133.3]
merge [135] [134]
cut [136] [346,209]
merge [136.0] [136.1]
merge [136.3] [136.2]
merge [137] [138]
cut [139] [214,100]
color [139.2] [255,255,255,255]
merge [139.0] [139.1]
merge [139.3] [139.2]
merge [141] [140]
cut [142] [5,127]
merge [142.1] [142.0]
merge [142.2] [142.3]
merge [144] [143]
cut [145] [30,100]
merge [145.1] [145.0]
merge [145.2] [145.3]
merge [147] [146]
cut [148] [2,275]
merge [148.1] [148.0]
merge [148.2] [148.3]
merge [149] [150]
cut [151] [153,194]
color [151.2] [111,226,252,255]
merge [151.1] [151.0]
merge [151.2] [151.3]
merge [153] [152]
cut [154] [196,174]
color [154.2] [255,255,255,255]
merge [154.1] [154.0]
merge [154.2] [154.3]
merge [156] [155]
cut [157] [397,122]
merge [157.0] [157.1]
merge [157.3] [157.2]
merge [159] [158]
cut [160] [390,282]
merge [160.0] [160.1]
merge [160.3] [160.2]
merge [161] [162]
cut [163] [390,278]
merge [163.0] [163.1]
merge [163.3] [163.2]
merge [164] [165]
cut [166] [320,200]
merge [166.0] [166.1]
merge [166.3] [166.2]
merge [167] [168]
cut [169] [13,278]
merge [169.1] [169.0]
merge [169.2] [169.3]
merge [170] [171]
cut [172] [3,130]
merge [172.1] [172.0]
merge [172.2] [172.3]
merge [174] [173]
cut [175] [12,278]
merge [175.1] [175.0]
merge [175.2] [175.3]
merge [176] [177]
cut [178] [62,190]
merge [178.1] [178.0]
merge [178.2] [178.3]
merge [180] [179]
cut [181] [14,278]
merge [181.1] [181.0]
merge [181.2] [181.3]
merge [182] [183]
cut [184] [16,278]
merge [184.1] [184.0]
merge [184.2] [184.3]
merge [185] [186]
cut [187] [383,279]
merge [187.0] [187.1]
merge [187.3] [187.2]
merge [188] [189]
cut [190] [386,277]
merge [190.0] [190.1]
merge [190.3] [190.2]
merge [191] [192]
cut [193] [398,128]
merge [193.0] [193.1]
merge [193.3] [193.2]
merge [195] [194]
cut [196] [328,190]
color [196.2] [255,161,34,255]
merge [196.0] [196.1]
merge [196.3] [196.2]
merge [198] [197]
cut [199] [343,195]
merge [199.0] [199.1]
merge [199.3] [199.2]
merge [201] [200]
cut [202] [8,282]
merge [202.1] [202.0]
merge [202.2] [202.3]
merge [203] [204]
cut [205] [4,276]
merge [205.1] [205.0]
merge [205.2] [205.3]
merge [206] [207]
cut [208] [20,102]
merge [208.1] [208.0]
merge [208.2] [208.3]
merge [210] [209]
cut [211] [49,204]
merge [211.1] [211.0]
merge [211.2] [211.3]
merge [212] [213]
cut [214] [1,268]
merge [214.1] [214.0]
merge [214.2] [214.3]
merge [215] [216]
cut [217] [10,281]
merge [217.1] [217.0]
merge [217.2] [217.3]
merge [218] [219]
cut [220] [27,175]
merge [220.1] [220.0]
merge [220.2] [220.3]
merge [222] [221]
cut [223] [367,35]
color [223.2] [255,255,255,255]
merge [223.0] [223.1]
merge [223.3] [223.2]
merge [225] [224]
cut [226] [374,289]
merge [226.0] [226.1]
merge [226.3] [226.2]
merge [227] [228]
cut [229] [335,195]
merge [229.0] [229.1]
merge [229.3] [229.2]
merge [231] [230]
cut [232] [391,124]
merge [232.0] [232.1]
merge [232.3] [232.2]
merge [234] [233]
cut [235] [Y] [371]
merge [235.0] [235.1]
cut [236] [15,278]
merge [236.1] [236.0]
merge [236.2] [236.3]
merge [237] [238]
cut [239] [2,238]
color [239.2] [255,255,255,255]
merge [239.1] [239.0]
merge [239.2] [239.3]
merge [240] [241]
cut [242] [2,282]
merge [242.1] [242.0]
merge [242.2] [242.3]
merge [243] [244]
cut [245] [11,278]
merge [245.1] [245.0]
merge [245.2] [245.3]
merge [246] [247]
cut [248] [394,271]
merge [248.0] [248.1]
merge [248.3] [248.2]
merge [249] [250]
cut [251] [387,278]
merge [251.0] [251.1]
merge [251.3] [251.2]
merge [252] [253]
cut [254] [388,277]
merge [254.0] [254.1]
merge [254.3] [254.2]
merge [255] [256]
cut [257] [386,280]
merge [257.0] [257.1]
merge [257.3] [257.2]
merge [258] [259]
cut [260] [32,315]
color [260.2] [121,66,242,255]
merge [260.1] [260.0]
merge [260.2] [260.3]
merge [261] [262]
cut [263] [59,302]
color [263.2] [224,62,250,255]
merge [263.1] [263.0]
merge [263.2] [263.3]
merge [264] [265]
cut [266] [85,246]
color [266.2] [255,255,255,255]
merge [266.1] [266.0]
merge [266.2] [266.3]
merge [267] [268]
cut [269] [22,171]
merge [269.1] [269.0]
merge [269.2] [269.3]
merge [271] [270]
cut [272] [47,188]
merge [272.1] [272.0]
merge [272.2] [272.3]
merge [274] [273]
cut [275] [233,316]
color [275.2] [5,185,113,255]
merge [275.0] [275.1]
merge [275.3] [275.2]
merge [276] [277]
cut [278] [248,301]
color [278.2] [37,236,174,255]
merge [278.0] [278.1]
merge [278.3] [278.2]
merge [279] [280]
cut [281] [268,315]
color [281.2] [77,229,251,255]
merge [281.0] [281.1]
merge [281.3] [281.2]
merge [282] [283]
cut [284] [392,282]
merge [284.0] [284.1]
merge [284.3] [284.2]
merge [285] [286]
cut [287] [Y] [364]
color [287.1] [255,255,255,255]
merge [287.0] [287.1]
cut [288] [16,278]
merge [288.1] [288.0]
merge [288.2] [288.3]
merge [289] [290]
cut [291] [64,208]
merge [291.1] [291.0]
merge [291.2] [291.3]
merge [292] [293]
cut [294] [4,279]
merge [294.1] [294.0]
merge [294.2] [294.3]
merge [295] [296]
cut [297] [8,279]
merge [297.1] [297.0]
merge [297.2] [297.3]
merge [298] [299]
cut [300] [382,280]
merge [300.0] [300.1]
merge [300.3] [300.2]
merge [301] [302]
cut [303] [252,348]
color [303.2] [81,184,255,255]
merge [303.0] [303.1]
merge [303.3] [303.2]
merge [304] [305]
cut [306] [355,207]
merge [306.0] [306.1]
merge [306.3] [306.2]
merge [307] [308]
cut [309] [314,239]
color [309.2] [255,255,255,255]
merge [309.0] [309.1]
merge [309.3] [309.2]
merge [310] [311]
