cut [0] [X] [124]
merge [0.1] [0.0]
cut [1] [X] [39]
merge [1.1] [1.0]
cut [2] [X] [301]
merge [2.0] [2.1]
cut [3] [X] [161]
color [3.1] [215,233,249,255]
merge [3.1] [3.0]
cut [4] [X] [341]
merge [4.0] [4.1]
cut [5] [X] [34]
merge [5.1] [5.0]
cut [6] [X] [56]
merge [6.1] [6.0]
cut [7] [X] [239]
color [7.1] [255,255,255,255]
merge [7.0] [7.1]
cut [8] [8,122]
merge [8.1] [8.0]
merge [8.2] [8.3]
merge [10] [9]
cut [11] [74,28]
color [11.2] [205,225,245,255]
merge [11.1] [11.0]
merge [11.2] [11.3]
merge [13] [12]
cut [14] [104,70]
color [14.2] [131,138,190,255]
merge [14.1] [14.0]
merge [14.2] [14.3]
merge [16] [15]
cut [17] [118,60]
color [17.2] [138,138,185,255]
merge [17.1] [17.0]
merge [17.2] [17.3]
merge [19] [18]
cut [20] [146,44]
color [20.2] [136,137,184,255]
merge [20.1] [20.0]
merge [20.2] [20.3]
merge [22] [21]
cut [23] [37,183]
merge [23.1] [23.0]
merge [23.2] [23.3]
merge [25] [24]
cut [26] [393,122]
merge [26.0] [26.1]
merge [26.3] [26.2]
merge [28] [27]
cut [29] [397,118]
merge [29.0] [29.1]
merge [29.3] [29.2]
merge [31] [30]
cut [32] [376,192]
merge [32.0] [32.1]
merge [32.3] [32.2]
merge [34] [33]
cut [35] [281,28]
color [35.2] [255,255,255,255]
merge [35.0] [35.1]
merge [35.3] [35.2]
merge [37] [36]
cut [38] [Y] [93]
merge [38.1] [38.0]
cut [39] [33,105]
color [39.2] [202,230,243,255]
merge [39.1] [39.0]
merge [39.2] [39.3]
merge [41] [40]
cut [42] [38,82]
color [42.2] [207,227,243,255]
merge [42.1] [42.0]
merge [42.2] [42.3]
merge [44] [43]
cut [45] [90,80]
color [45.2] [136,137,184,255]
merge [45.1] [45.0]
merge [45.2] [45.3]
merge [47] [46]
cut [48] [124,90]
color [48.2] [248,204,88,255]
merge [48.1] [48.0]
merge [48.2] [48.3]
merge [50] [49]
cut [51] [157,61]
color [51.2] [137,137,185,255]
merge [51.1] [51.0]
merge [51.2] [51.3]
merge [53] [52]
cut [54] [190,106]
color [54.2] [223,191,157,255]
merge [54.1] [54.0]
merge [54.2] [54.3]
merge [56] [55]
cut [57] [3,131]
merge [57.1] [57.0]
merge [57.2] [57.3]
merge [59] [58]
cut [60] [360,133]
merge [60.0] [60.1]
merge [60.3] [60.2]
merge [62] [61]
cut [63] [381,120]
merge [63.0] [63.1]
merge [63.3] [63.2]
merge [65] [64]
cut [66] [288,53]
color [66.2] [206,225,244,255]
merge [66.0] [66.1]
merge [66.3] [66.2]
merge [68] [67]
cut [69] [360,44]
color [69.2] [255,255,255,255]
merge [69.0] [69.1]
merge [69.3] [69.2]
merge [71] [70]
cut [72] [Y] [120]
color [72.1] [251,204,90,255]
merge [72.1] [72.0]
cut [73] [36,267]
merge [73.1] [73.0]
merge [73.2] [73.3]
merge [74] [75]
cut [76] [39,120]
color [76.2] [206,225,244,255]
merge [76.1] [76.0]
merge [76.2] [76.3]
merge [78] [77]
cut [79] [101,120]
color [79.2] [136,138,179,255]
merge [79.1] [79.0]
merge [79.2] [79.3]
merge [81] [80]
cut [82] [130,120]
color [82.2] [255,204,88,255]
merge [82.1] [82.0]
merge [82.2] [82.3]
merge [84] [83]
cut [85] [161,120]
color [85.2] [159,146,155,255]
merge [85.1] [85.0]
merge [85.2] [85.3]
merge [87] [86]
cut [88] [383,231]
merge [88.0] [88.1]
merge [88.3] [88.2]
merge [89] [90]
cut [91] [350,216]
merge [91.0] [91.1]
merge [91.3] [91.2]
merge [92] [93]
cut [94] [390,120]
merge [94.0] [94.1]
merge [94.3] [94.2]
merge [96] [95]
cut [97] [Y] [150]
color [97.1] [255,255,255,255]
merge [97.1] [97.0]
cut [98] [13,150]
color [98.2] [206,225,244,255]
merge [98.1] [98.0]
merge [98.2] [98.3]
merge [100] [99]
cut [101] [60,208]
merge [101.1] [101.0]
merge [101.2] [101.3]
merge [102] [103]
cut [104] [4,129]
merge [104.1] [104.0]
merge [104.2] [104.3]
merge [106] [105]
cut [107] [122,150]
color [107.2] [250,200,85,255]
merge [107.1] [107.0]
merge [107.2] [107.3]
merge [109] [108]
cut [110] [154,150]
color [110.2] [109,92,101,255]
merge [110.1] [110.0]
merge [110.2] [110.3]
merge [112] [111]
cut [113] [182,140]
color [113.2] [249,200,89,255]
merge [113.1] [113.0]
merge [113.2] [113.3]
merge [115] [114]
cut [116] [375,98]
merge [116.0] [116.1]
merge [116.3] [116.2]
merge [118] [117]
cut [119] [275,131]
color [119.2] [207,227,244,255]
merge [119.0] [119.1]
merge [119.3] [119.2]
merge [121] [120]
cut [122] [357,186]
merge [122.0] [122.1]
merge [122.3] [122.2]
merge [124] [123]
cut [125] [8,123]
merge [125.1] [125.0]
merge [125.2] [125.3]
merge [127] [126]
cut [128] [168,187]
color [128.2] [252,209,88,255]
merge [128.1] [128.0]
merge [128.2] [128.3]
merge [130] [129]
cut [131] [191,167]
color [131.2] [151,127,101,255]
merge [131.1] [131.0]
merge [131.2] [131.3]
merge [133] [132]
cut [134] [215,167]
color [134.2] [244,202,89,255]
merge [134.0] [134.1]
merge [134.3] [134.2]
merge [136] [135]
cut [137] [391,277]
merge [137.0] [137.1]
merge [137.3] [137.2]
merge [138] [139]
cut [140] [358,193]
merge [140.0] [140.1]
merge [140.3] [140.2]
merge [142] [141]
cut [143] [2,116]
merge [143.1] [143.0]
merge [143.2] [143.3]
merge [145] [144]
cut [146] [58,210]
merge [146.1] [146.0]
merge [146.2] [146.3]
merge [147] [148]
cut [149] [346,193]
merge [149.0] [149.1]
merge [149.3] [149.2]
merge [151] [150]
cut [152] [36,210]
merge [152.1] [152.0]
merge [152.2] [152.3]
merge [153] [154]
cut [155] [398,271]
merge [155.0] [155.1]
merge [155.3] [155.2]
merge [156] [157]
cut [158] [362,131]
merge [158.0] [158.1]
merge [158.3] [158.2]
merge [160] [159]
cut [161] [367,102]
merge [161.0] [161.1]
merge [161.3] [161.2]
merge [163] [162]
cut [164] [16,120]
merge [164.1] [164.0]
merge [164.2] [164.3]
merge [166] [165]
cut [167] [31,232]
merge [167.1] [167.0]
merge [167.2] [167.3]
merge [168] [169]
cut [170] [3,273]
merge [170.1] [170.0]
merge [170.2] [170.3]
merge [171] [172]
cut [173] [106,220]
color [173.2] [251,205,89,255]
merge [173.1] [173.0]
merge [173.2] [173.3]
merge [174] [175]
cut [176] [360,197]
merge [176.0] [176.1]
merge [176.3] [176.2]
merge [178] [177]
cut [179] [390,120]
merge [179.0] [179.1]
merge [179.3] [179.2]
merge [181] [180]
cut [182] [323,201]
merge [182.0] [182.1]
merge [182.3] [182.2]
merge [183] [184]
cut [185] [278,118]
color [185.2] [206,225,244,255]
merge [185.0] [185.1]
merge [185.3] [185.2]
merge [187] [186]
cut [188] [Y] [305]
color [188.1] [255,255,255,255]
merge [188.0] [188.1]
cut [189] [27,206]
merge [189.1] [189.0]
merge [189.2] [189.3]
merge [190] [191]
cut [192] [126,236]
color [192.2] [72,46,42,255]
merge [192.1] [192.0]
merge [192.2] [192.3]
merge [193] [194]
cut [195] [13,276]
merge [195.1] [195.0]
merge [195.2] [195.3]
merge [196] [197]
cut [198] [139,215]
color [198.2] [251,205,89,255]
merge [198.1] [198.0]
merge [198.2] [198.3]
merge [199] [200]
cut [201] [395,277]
merge [201.0] [201.1]
merge [201.3] [201.2]
merge [202] [203]
cut [204] [393,119]
merge [204.0] [204.1]
merge [204.3] [204.2]
merge [206] [205]
cut [207] [295,122]
color [207.2] [206,225,244,255]
merge [207.0] [207.1]
merge [207.3] [207.2]
merge [209] [208]
cut [210] [Y] [308]
merge [210.0] [210.1]
cut [211] [91,305]
color [211.2] [199,224,245,255]
merge [211.1] [211.0]
merge [211.2] [211.3]
merge [212] [213]
cut [214] [14,122]
merge [214.1] [214.0]
merge [214.2] [214.3]
merge [216] [215]
cut [217] [9,273]
merge [217.1] [217.0]
merge [217.2] [217.3]
merge [218] [219]
cut [220] [48,267]
merge [220.1] [220.0]
merge [220.2] [220.3]
merge [221] [222]
cut [223] [146,300]
color [223.2] [251,205,89,255]
merge [223.1] [223.0]
merge [223.2] [223.3]
merge [224] [225]
cut [226] [395,121]
merge [226.0] [226.1]
merge [226.3] [226.2]
merge [228] [227]
cut [229] [263,300]
color [229.2] [204,229,243,255]
merge [229.0] [229.1]
merge [229.3] [229.2]
merge [230] [231]
cut [232] [91,330]
color [232.2] [206,225,244,255]
merge [232.1] [232.0]
merge [232.2] [232.3]
merge [233] [234]
cut [235] [35,181]
merge [235.1] [235.0]
merge [235.2] [235.3]
merge [237] [236]
cut [238] [168,330]
color [238.2] [240,192,88,255]
merge [238.1] [238.0]
merge [238.2] [238.3]
merge [239] [240]
cut [241] [374,295]
merge [241.0] [241.1]
merge [241.3] [241.2]
merge [242] [243]
cut [244] [244,326]
color [244.2] [208,226,244,255]
merge [244.0] [244.1]
merge [244.3] [244.2]
merge [245] [246]
cut [247] [358,247]
color [247.2] [255,255,255,255]
merge [247.0] [247.1]
merge [247.3] [247.2]
merge [248] [249]
cut [250] [396,128]
merge [250.0] [250.1]
merge [250.3] [250.2]
merge [252] [251]
cut [253] [91,348]
color [253.2] [208,229,245,255]
merge [253.1] [253.0]
merge [253.2] [253.3]
merge [254] [255]
cut [256] [386,290]
merge [256.0] [256.1]
merge [256.3] [256.2]
merge [257] [258]
cut [259] [2,283]
merge [259.1] [259.0]
merge [259.2] [259.3]
merge [260] [261]
cut [262] [370,223]
merge [262.0] [262.1]
merge [262.3] [262.2]
merge [263] [264]
cut [265] [277,346]
color [265.2] [255,255,255,255]
merge [265.0] [265.1]
merge [265.3] [265.2]
merge [266] [267]
cut [268] [392,274]
merge [268.0] [268.1]
merge [268.3] [268.2]
merge [269] [270]
cut [271] [380,199]
merge [271.0] [271.1]
merge [271.3] [271.2]
merge [273] [272]
