color [0] [80,53,35,255]
cut [0] [X] [70]
color [0.1] [48,38,27,255]
merge [0.1] [0.0]
cut [1] [X] [125]
merge [1.1] [1.0]
cut [2] [X] [208]
color [2.1] [36,28,20,255]
merge [2.0] [2.1]
cut [3] [X] [256]
color [3.1] [43,29,19,255]
merge [3.0] [3.1]
cut [4] [Y] [70]
color [4.1] [97,63,35,255]
merge [4.1] [4.0]
cut [5] [88,70]
color [5.2] [61,46,32,255]
merge [5.1] [5.0]
merge [5.2] [5.3]
merge [7] [6]
cut [8] [151,79]
color [8.2] [205,158,93,255]
merge [8.1] [8.0]
merge [8.2] [8.3]
merge [10] [9]
cut [11] [239,79]
color [11.2] [73,49,29,255]
merge [11.0] [11.1]
merge [11.3] [11.2]
merge [13] [12]
cut [14] [397,127]
merge [14.0] [14.1]
merge [14.3] [14.2]
merge [16] [15]
cut [17] [Y] [151]
color [17.1] [72,64,45,255]
merge [17.1] [17.0]
cut [18] [4,117]
merge [18.1] [18.0]
merge [18.2] [18.3]
merge [20] [19]
cut [21] [155,196]
color [21.2] [144,97,56,255]
merge [21.1] [21.0]
merge [21.2] [21.3]
merge [23] [22]
cut [24] [218,151]
color [24.2] [54,44,34,255]
merge [24.0] [24.1]
merge [24.3] [24.2]
merge [26] [25]
cut [27] [286,160]
color [27.2] [66,63,45,255]
merge [27.0] [27.1]
merge [27.3] [27.2]
merge [29] [28]
cut [30] [Y] [248]
color [30.1] [105,97,66,255]
merge [30.0] [30.1]
cut [31] [8,273]
color [31.2] [156,151,111,255]
merge [31.1] [31.0]
merge [31.2] [31.3]
merge [32] [33]
cut [34] [150,234]
color [34.2] [190,140,81,255]
merge [34.1] [34.0]
merge [34.2] [34.3]
merge [35] [36]
cut [37] [218,234]
color [37.2] [58,49,39,255]
merge [37.0] [37.1]
merge [37.3] [37.2]
merge [38] [39]
cut [40] [275,236]
color [40.2] [141,136,91,255]
merge [40.0] [40.1]
merge [40.3] [40.2]
merge [41] [42]
cut [43] [Y] [350]
color [43.1] [113,110,83,255]
merge [43.0] [43.1]
cut [44] [5,116]
merge [44.1] [44.0]
merge [44.2] [44.3]
merge [46] [45]
cut [47] [151,317]
color [47.2] [106,105,81,255]
merge [47.1] [47.0]
merge [47.2] [47.3]
merge [48] [49]
cut [50] [238,317]
color [50.2] [130,128,101,255]
merge [50.0] [50.1]
merge [50.3] [50.2]
merge [51] [52]
cut [53] [1,281]
merge [53.1] [53.0]
merge [53.2] [53.3]
merge [54] [55]
