color [0] [99,133,83,255]
cut [0] [X] [109]
merge [0.1] [0.0]
cut [1] [X] [45]
merge [1.1] [1.0]
cut [2] [X] [127]
color [2.1] [125,125,91,255]
merge [2.1] [2.0]
cut [3] [X] [200]
color [3.1] [144,132,71,255]
merge [3.1] [3.0]
cut [4] [X] [250]
color [4.1] [122,126,72,255]
merge [4.0] [4.1]
cut [5] [X] [305]
color [5.1] [92,99,49,255]
merge [5.0] [5.1]
cut [6] [X] [329]
color [6.1] [69,64,35,255]
merge [6.0] [6.1]
cut [7] [Y] [84]
color [7.1] [101,123,76,255]
merge [7.1] [7.0]
cut [8] [5,278]
merge [8.1] [8.0]
merge [8.2] [8.3]
merge [9] [10]
cut [11] [28,290]
merge [11.1] [11.0]
merge [11.2] [11.3]
merge [12] [13]
cut [14] [4,117]
merge [14.1] [14.0]
merge [14.2] [14.3]
merge [16] [15]
cut [17] [146,66]
color [17.2] [216,175,61,255]
merge [17.1] [17.0]
merge [17.2] [17.3]
merge [19] [18]
cut [20] [250,47]
color [20.2] [152,141,66,255]
merge [20.0] [20.1]
merge [20.3] [20.2]
merge [22] [21]
cut [23] [379,286]
merge [23.0] [23.1]
merge [23.3] [23.2]
merge [24] [25]
cut [26] [327,37]
color [26.2] [103,85,39,255]
merge [26.0] [26.1]
merge [26.3] [26.2]
merge [28] [27]
cut [29] [Y] [100]
color [29.1] [121,113,69,255]
merge [29.1] [29.0]
cut [30] [60,109]
color [30.2] [140,118,65,255]
merge [30.1] [30.0]
merge [30.2] [30.3]
merge [32] [31]
cut [33] [7,121]
merge [33.1] [33.0]
merge [33.2] [33.3]
merge [35] [34]
cut [36] [17,121]
merge [36.1] [36.0]
merge [36.2] [36.3]
merge [38] [37]
cut [39] [397,116]
merge [39.0] [39.1]
merge [39.3] [39.2]
merge [41] [40]
cut [42] [145,100]
color [42.2] [223,187,78,255]
merge [42.1] [42.0]
merge [42.2] [42.3]
merge [44] [43]
cut [45] [397,270]
merge [45.0] [45.1]
merge [45.3] [45.2]
merge [46] [47]
cut [48] [330,95]
color [48.2] [111,92,45,255]
merge [48.0] [48.1]
merge [48.3] [48.2]
merge [50] [49]
cut [51] [Y] [173]
color [51.1] [142,126,76,255]
merge [51.1] [51.0]
cut [52] [62,132]
color [52.2] [148,127,67,255]
merge [52.1] [52.0]
merge [52.2] [52.3]
merge [54] [53]
cut [55] [114,162]
color [55.2] [217,202,110,255]
merge [55.1] [55.0]
merge [55.2] [55.3]
merge [57] [56]
cut [58] [123,119]
color [58.2] [231,192,69,255]
merge [58.1] [58.0]
merge [58.2] [58.3]
merge [60] [59]
cut [61] [336,208]
merge [61.0] [61.1]
merge [61.3] [61.2]
merge [62] [63]
cut [64] [134,138]
color [64.2] [241,203,61,255]
merge [64.1] [64.0]
merge [64.2] [64.3]
merge [66] [65]
cut [67] [305,119]
color [67.2] [120,103,50,255]
merge [67.0] [67.1]
merge [67.3] [67.2]
merge [69] [68]
cut [70] [397,269]
merge [70.0] [70.1]
merge [70.3] [70.2]
merge [71] [72]
cut [73] [Y] [189]
color [73.1] [151,135,79,255]
merge [73.1] [73.0]
cut [74] [48,191]
color [74.2] [155,131,70,255]
merge [74.1] [74.0]
merge [74.2] [74.3]
merge [76] [75]
cut [77] [6,124]
merge [77.1] [77.0]
merge [77.2] [77.3]
merge [79] [78]
cut [80] [10,274]
merge [80.1] [80.0]
merge [80.2] [80.3]
merge [81] [82]
cut [83] [396,129]
merge [83.0] [83.1]
merge [83.3] [83.2]
merge [85] [84]
cut [86] [112,187]
color [86.2] [237,204,65,255]
merge [86.1] [86.0]
merge [86.2] [86.3]
merge [88] [87]
cut [89] [295,186]
color [89.2] [132,106,51,255]
merge [89.0] [89.1]
merge [89.3] [89.2]
merge [91] [90]
cut [92] [392,127]
merge [92.0] [92.1]
merge [92.3] [92.2]
merge [94] [93]
cut [95] [Y] [240]
color [95.1] [149,130,73,255]
merge [95.0] [95.1]
cut [96] [58,240]
color [96.2] [146,125,65,255]
merge [96.1] [96.0]
merge [96.2] [96.3]
merge [97] [98]
cut [99] [4,124]
merge [99.1] [99.0]
merge [99.2] [99.3]
merge [101] [100]
cut [102] [111,240]
color [102.2] [235,211,70,255]
merge [102.1] [102.0]
merge [102.2] [102.3]
merge [103] [104]
cut [105] [202,239]
color [105.2] [196,154,87,255]
merge [105.0] [105.1]
merge [105.3] [105.2]
merge [106] [107]
cut [108] [247,238]
color [108.2] [243,199,59,255]
merge [108.0] [108.1]
merge [108.3] [108.2]
merge [109] [110]
cut [111] [389,277]
merge [111.0] [111.1]
merge [111.3] [111.2]
merge [112] [113]
cut [114] [287,237]
color [114.2] [122,102,48,255]
merge [114.0] [114.1]
merge [114.3] [114.2]
merge [115] [116]
cut [117] [Y] [300]
color [117.1] [140,120,67,255]
merge [117.0] [117.1]
cut [118] [32,274]
merge [118.1] [118.0]
merge [118.2] [118.3]
merge [119] [120]
cut [121] [114,300]
color [121.2] [210,178,69,255]
merge [121.1] [121.0]
merge [121.2] [121.3]
merge [122] [123]
cut [124] [7,118]
merge [124.1] [124.0]
merge [124.2] [124.3]
merge [126] [125]
cut [127] [199,305]
color [127.2] [217,185,105,255]
merge [127.1] [127.0]
merge [127.2] [127.3]
merge [128] [129]
cut [130] [367,297]
merge [130.0] [130.1]
merge [130.3] [130.2]
merge [131] [132]
cut [133] [272,284]
color [133.2] [114,96,47,255]
merge [133.0] [133.1]
merge [133.3] [133.2]
merge [134] [135]
cut [136] [393,281]
merge [136.0] [136.1]
merge [136.3] [136.2]
merge [137] [138]
cut [139] [Y] [354]
merge [139.0] [139.1]
cut [140] [28,358]
color [140.2] [115,99,58,255]
merge [140.1] [140.0]
merge [140.2] [140.3]
merge [141] [142]
cut [143] [7,128]
merge [143.1] [143.0]
merge [143.2] [143.3]
merge [145] [144]
cut [146] [117,344]
color [146.2] [210,171,84,255]
merge [146.1] [146.0]
merge [146.2] [146.3]
merge [147] [148]
cut [149] [194,353]
color [149.2] [17,24,21,255]
merge [149.1] [149.0]
merge [149.2] [149.3]
merge [150] [151]
cut [152] [246,329]
color [152.2] [132,108,62,255]
merge [152.0] [152.1]
merge [152.3] [152.2]
merge [153] [154]
cut [155] [280,327]
color [155.2] [85,74,39,255]
merge [155.0] [155.1]
merge [155.3] [155.2]
merge [156] [157]
cut [158] [395,273]
merge [158.0] [158.1]
merge [158.3] [158.2]
merge [159] [160]
