color [0] [9,14,22,255]
cut [0] [X] [154]
color [0.1] [21,30,34,255]
merge [0.1] [0.0]
cut [1] [X] [318]
merge [1.0] [1.1]
cut [2] [X] [162]
color [2.1] [154,147,131,255]
merge [2.1] [2.0]
cut [3] [X] [255]
color [3.1] [66,75,80,255]
merge [3.0] [3.1]
cut [4] [X] [356]
color [4.1] [8,21,50,255]
merge [4.0] [4.1]
cut [5] [67,205]
merge [5.1] [5.0]
merge [5.2] [5.3]
merge [6] [7]
cut [8] [9,125]
merge [8.1] [8.0]
merge [8.2] [8.3]
merge [10] [9]
cut [11] [193,40]
color [11.2] [168,152,126,255]
merge [11.1] [11.0]
merge [11.2] [11.3]
merge [13] [12]
cut [14] [244,40]
color [14.2] [64,75,82,255]
merge [14.0] [14.1]
merge [14.3] [14.2]
merge [16] [15]
cut [17] [270,41]
color [17.2] [40,55,69,255]
merge [17.0] [17.1]
merge [17.3] [17.2]
merge [19] [18]
cut [20] [325,41]
color [20.2] [146,173,188,255]
merge [20.0] [20.1]
merge [20.3] [20.2]
merge [22] [21]
cut [23] [397,276]
merge [23.0] [23.1]
merge [23.3] [23.2]
merge [24] [25]
cut [26] [1,81]
color [26.2] [14,24,36,255]
merge [26.1] [26.0]
merge [26.2] [26.3]
merge [28] [27]
cut [29] [3,129]
merge [29.1] [29.0]
merge [29.2] [29.3]
merge [31] [30]
cut [32] [187,81]
color [32.2] [180,169,159,255]
merge [32.1] [32.0]
merge [32.2] [32.3]
merge [34] [33]
cut [35] [238,68]
color [35.2] [79,91,102,255]
merge [35.0] [35.1]
merge [35.3] [35.2]
merge [37] [36]
cut [38] [256,67]
color [38.2] [46,62,73,255]
merge [38.0] [38.1]
merge [38.3] [38.2]
merge [40] [39]
cut [41] [323,67]
color [41.2] [176,171,159,255]
merge [41.0] [41.1]
merge [41.3] [41.2]
merge [43] [42]
cut [44] [363,73]
color [44.2] [73,96,133,255]
merge [44.0] [44.1]
merge [44.3] [44.2]
merge [46] [45]
cut [47] [95,130]
color [47.2] [23,31,47,255]
merge [47.1] [47.0]
merge [47.2] [47.3]
merge [49] [48]
cut [50] [4,128]
merge [50.1] [50.0]
merge [50.2] [50.3]
merge [52] [51]
cut [53] [134,128]
color [53.2] [130,123,130,255]
merge [53.1] [53.0]
merge [53.2] [53.3]
merge [55] [54]
cut [56] [388,122]
merge [56.0] [56.1]
merge [56.3] [56.2]
merge [58] [57]
cut [59] [259,145]
color [59.2] [36,45,59,255]
merge [59.0] [59.1]
merge [59.3] [59.2]
merge [61] [60]
cut [62] [319,107]
color [62.2] [183,172,157,255]
merge [62.0] [62.1]
merge [62.3] [62.2]
merge [64] [63]
cut [65] [359,106]
color [65.2] [40,57,85,255]
merge [65.0] [65.1]
merge [65.3] [65.2]
merge [67] [66]
cut [68] [3,259]
color [68.2] [17,28,45,255]
merge [68.1] [68.0]
merge [68.2] [68.3]
merge [69] [70]
cut [71] [125,159]
color [71.2] [155,133,142,255]
merge [71.1] [71.0]
merge [71.2] [71.3]
merge [73] [72]
cut [74] [119,175]
color [74.2] [177,158,164,255]
merge [74.1] [74.0]
merge [74.2] [74.3]
merge [76] [75]
cut [77] [202,159]
color [77.2] [94,87,98,255]
merge [77.0] [77.1]
merge [77.3] [77.2]
merge [79] [78]
cut [80] [236,154]
color [80.2] [79,73,83,255]
merge [80.0] [80.1]
merge [80.3] [80.2]
merge [82] [81]
cut [83] [264,150]
color [83.2] [22,27,46,255]
merge [83.0] [83.1]
merge [83.3] [83.2]
merge [85] [84]
cut [86] [316,148]
color [86.2] [199,189,173,255]
merge [86.0] [86.1]
merge [86.3] [86.2]
merge [88] [87]
cut [89] [354,146]
color [89.2] [27,40,62,255]
merge [89.0] [89.1]
merge [89.3] [89.2]
merge [91] [90]
cut [92] [2,284]
merge [92.1] [92.0]
merge [92.2] [92.3]
merge [93] [94]
cut [95] [117,200]
color [95.2] [188,170,174,255]
merge [95.1] [95.0]
merge [95.2] [95.3]
merge [97] [96]
cut [98] [11,120]
merge [98.1] [98.0]
merge [98.2] [98.3]
merge [100] [99]
cut [101] [209,200]
color [101.2] [84,76,84,255]
merge [101.0] [101.1]
merge [101.3] [101.2]
merge [103] [102]
cut [104] [251,200]
color [104.2] [17,53,103,255]
merge [104.0] [104.1]
merge [104.3] [104.2]
merge [106] [105]
cut [107] [394,278]
merge [107.0] [107.1]
merge [107.3] [107.2]
merge [108] [109]
cut [110] [313,191]
color [110.2] [119,113,107,255]
merge [110.0] [110.1]
merge [110.3] [110.2]
merge [112] [111]
cut [113] [395,122]
merge [113.0] [113.1]
merge [113.3] [113.2]
merge [115] [114]
cut [116] [117,274]
color [116.2] [29,35,50,255]
merge [116.1] [116.0]
merge [116.2] [116.3]
merge [117] [118]
cut [119] [125,258]
color [119.2] [222,207,213,255]
merge [119.1] [119.0]
merge [119.2] [119.3]
merge [120] [121]
cut [122] [176,240]
color [122.2] [173,164,168,255]
merge [122.1] [122.0]
merge [122.2] [122.3]
merge [123] [124]
cut [125] [203,240]
color [125.2] [52,79,122,255]
merge [125.0] [125.1]
merge [125.3] [125.2]
merge [126] [127]
cut [128] [223,239]
color [128.2] [29,68,118,255]
merge [128.0] [128.1]
merge [128.3] [128.2]
merge [129] [130]
cut [131] [310,239]
color [131.2] [92,85,85,255]
merge [131.0] [131.1]
merge [131.3] [131.2]
merge [132] [133]
cut [134] [349,174]
color [134.2] [10,17,26,255]
merge [134.0] [134.1]
merge [134.3] [134.2]
merge [136] [135]
cut [137] [1,310]
color [137.2] [15,29,49,255]
merge [137.1] [137.0]
merge [137.2] [137.3]
merge [138] [139]
cut [140] [1,130]
merge [140.1] [140.0]
merge [140.2] [140.3]
merge [142] [141]
cut [143] [144,286]
color [143.2] [160,192,220,255]
merge [143.1] [143.0]
merge [143.2] [143.3]
merge [144] [145]
cut [146] [189,286]
color [146.2] [118,164,210,255]
merge [146.1] [146.0]
merge [146.2] [146.3]
merge [147] [148]
cut [149] [254,285]
color [149.2] [44,81,126,255]
merge [149.0] [149.1]
merge [149.3] [149.2]
merge [150] [151]
cut [152] [299,280]
color [152.2] [94,95,94,255]
merge [152.0] [152.1]
merge [152.3] [152.2]
merge [153] [154]
cut [155] [386,120]
merge [155.0] [155.1]
merge [155.3] [155.2]
merge [157] [156]
cut [158] [338,254]
color [158.2] [9,14,20,255]
merge [158.0] [158.1]
merge [158.3] [158.2]
merge [159] [160]
cut [161] [3,348]
color [161.2] [13,24,43,255]
merge [161.1] [161.0]
merge [161.2] [161.3]
merge [162] [163]
cut [164] [44,193]
merge [164.1] [164.0]
merge [164.2] [164.3]
merge [166] [165]
cut [167] [396,271]
merge [167.0] [167.1]
merge [167.3] [167.2]
merge [168] [169]
cut [170] [216,345]
color [170.2] [173,168,161,255]
merge [170.0] [170.1]
merge [170.3] [170.2]
merge [171] [172]
cut [173] [252,328]
color [173.2] [174,169,160,255]
merge [173.0] [173.1]
merge [173.3] [173.2]
merge [174] [175]
cut [176] [294,309]
color [176.2] [82,85,80,255]
merge [176.0] [176.1]
merge [176.3] [176.2]
merge [177] [178]
cut [179] [316,309]
color [179.2] [11,20,35,255]
merge [179.0] [179.1]
merge [179.3] [179.2]
merge [180] [181]
cut [182] [387,123]
merge [182.0] [182.1]
merge [182.3] [182.2]
merge [184] [183]
cut [185] [60,376]
color [185.2] [8,16,28,255]
merge [185.1] [185.0]
merge [185.2] [185.3]
merge [186] [187]
cut [188] [394,271]
merge [188.0] [188.1]
merge [188.3] [188.2]
merge [189] [190]
cut [191] [398,272]
merge [191.0] [191.1]
merge [191.3] [191.2]
merge [192] [193]
cut [194] [397,130]
merge [194.0] [194.1]
merge [194.3] [194.2]
merge [196] [195]
