color [0] [114,103,101,255]
cut [0] [X] [1]
color [0.1] [113,99,99,255]
merge [0.1] [0.0]
cut [1] [X] [128]
color [1.1] [71,45,51,255]
merge [1.1] [1.0]
cut [2] [X] [145]
color [2.1] [17,16,17,255]
merge [2.1] [2.0]
cut [3] [X] [266]
color [3.1] [104,92,92,255]
merge [3.0] [3.1]
cut [4] [Y] [67]
color [4.1] [162,177,190,255]
merge [4.1] [4.0]
cut [5] [7,121]
merge [5.1] [5.0]
merge [5.2] [5.3]
merge [7] [6]
cut [8] [129,67]
color [8.2] [52,42,47,255]
merge [8.1] [8.0]
merge [8.2] [8.3]
merge [10] [9]
cut [11] [188,67]
color [11.2] [28,23,23,255]
merge [11.1] [11.0]
merge [11.2] [11.3]
merge [13] [12]
cut [14] [270,59]
color [14.2] [166,181,194,255]
merge [14.0] [14.1]
merge [14.3] [14.2]
merge [16] [15]
cut [17] [Y] [134]
color [17.1] [231,227,222,255]
merge [17.1] [17.0]
cut [18] [1,197]
color [18.2] [214,211,205,255]
merge [18.1] [18.0]
merge [18.2] [18.3]
merge [20] [19]
cut [21] [131,134]
color [21.2] [75,70,71,255]
merge [21.1] [21.0]
merge [21.2] [21.3]
merge [23] [22]
cut [24] [137,134]
color [24.2] [39,32,38,255]
merge [24.1] [24.0]
merge [24.2] [24.3]
merge [26] [25]
cut [27] [267,134]
color [27.2] [226,223,218,255]
merge [27.0] [27.1]
merge [27.3] [27.2]
merge [29] [28]
cut [30] [Y] [211]
color [30.1] [203,202,196,255]
merge [30.0] [30.1]
cut [31] [1,274]
merge [31.1] [31.0]
merge [31.2] [31.3]
merge [32] [33]
cut [34] [180,223]
color [34.2] [64,61,46,255]
merge [34.1] [34.0]
merge [34.2] [34.3]
merge [35] [36]
cut [37] [6,124]
merge [37.1] [37.0]
merge [37.2] [37.3]
merge [39] [38]
cut [40] [219,209]
color [40.2] [211,208,203,255]
merge [40.0] [40.1]
merge [40.3] [40.2]
merge [41] [42]
cut [43] [Y] [302]
color [43.1] [204,203,197,255]
merge [43.0] [43.1]
cut [44] [2,116]
merge [44.1] [44.0]
merge [44.2] [44.3]
merge [46] [45]
cut [47] [6,281]
merge [47.1] [47.0]
merge [47.2] [47.3]
merge [48] [49]
cut [50] [3,120]
merge [50.1] [50.0]
merge [50.2] [50.3]
merge [52] [51]
cut [53] [4,121]
merge [53.1] [53.0]
merge [53.2] [53.3]
merge [55] [54]
