color [0] [1,1,1,255]
cut [0] [246,46]
color [0.2] [70,53,36,255]
merge [0.3] [0.2]
merge [0.0] [0.1]
cut [1] [X] [280]
color [1.1] [1,1,1,255]
merge [1.0] [1.1]
merge [3] [2]
cut [4] [186,104]
color [4.2] [251,251,251,255]
merge [4.2] [4.3]
merge [4.1] [4.0]
cut [5] [X] [217]
color [5.1] [7,16,24,255]
merge [5.0] [5.1]
cut [7] [X] [242]
color [7.1] [1,1,3,255]
merge [7.0] [7.1]
merge [8] [6]
cut [9] [Y] [171]
color [9.1] [1,1,1,255]
merge [9.1] [9.0]
cut [10] [185,212]
color [10.2] [185,157,137,255]
merge [10.2] [10.3]
merge [10.1] [10.0]
cut [11] [X] [227]
color [11.1] [1,1,1,255]
merge [11.0] [11.1]
merge [12] [13]
cut [14] [Y] [289]
color [14.1] [1,1,1,255]
merge [14.0] [14.1]
cut [15] [67,298]
color [15.2] [248,248,248,255]
merge [15.1] [15.0]
merge [15.2] [15.3]
merge [16] [17]
cut [18] [X] [334]
color [18.1] [1,1,1,255]
merge [18.0] [18.1]
cut [19] [207,359]
color [19.2] [1,1,1,255]
