color [0] [190,175,147,255]
cut [0] [X] [71]
color [0.1] [172,158,131,255]
merge [0.1] [0.0]
cut [1] [X] [108]
color [1.1] [134,122,104,255]
merge [1.1] [1.0]
cut [2] [X] [152]
color [2.1] [93,84,73,255]
merge [2.1] [2.0]
cut [3] [X] [78]
merge [3.1] [3.0]
cut [4] [X] [251]
color [4.1] [108,98,86,255]
merge [4.0] [4.1]
cut [5] [X] [282]
merge [5.0] [5.1]
cut [6] [X] [285]
color [6.1] [130,121,104,255]
merge [6.0] [6.1]
cut [7] [Y] [50]
color [7.1] [226,208,173,255]
merge [7.1] [7.0]
cut [8] [74,50]
color [8.2] [199,183,152,255]
merge [8.1] [8.0]
merge [8.2] [8.3]
merge [10] [9]
cut [11] [2,125]
merge [11.1] [11.0]
merge [11.2] [11.3]
merge [13] [12]
cut [14] [171,50]
color [14.2] [92,85,75,255]
merge [14.1] [14.0]
merge [14.2] [14.3]
merge [16] [15]
cut [17] [382,231]
merge [17.0] [17.1]
merge [17.3] [17.2]
merge [18] [19]
cut [20] [398,270]
merge [20.0] [20.1]
merge [20.3] [20.2]
merge [21] [22]
cut [23] [396,271]
merge [23.0] [23.1]
merge [23.3] [23.2]
merge [24] [25]
cut [26] [241,46]
color [26.2] [174,159,132,255]
merge [26.0] [26.1]
merge [26.3] [26.2]
merge [28] [27]
cut [29] [Y] [86]
color [29.1] [214,194,153,255]
merge [29.1] [29.0]
cut [30] [74,78]
color [30.2] [219,199,157,255]
merge [30.1] [30.0]
merge [30.2] [30.3]
merge [32] [31]
cut [33] [62,208]
merge [33.1] [33.0]
merge [33.2] [33.3]
merge [34] [35]
cut [36] [388,125]
merge [36.0] [36.1]
merge [36.3] [36.2]
merge [38] [37]
cut [39] [180,93]
color [39.2] [27,21,21,255]
merge [39.1] [39.0]
merge [39.2] [39.3]
merge [41] [40]
cut [42] [224,70]
color [42.2] [216,198,156,255]
merge [42.0] [42.1]
merge [42.3] [42.2]
merge [44] [43]
cut [45] [381,184]
merge [45.0] [45.1]
merge [45.3] [45.2]
merge [47] [46]
cut [48] [338,70]
color [48.2] [200,181,140,255]
merge [48.0] [48.1]
merge [48.3] [48.2]
merge [50] [49]
cut [51] [Y] [161]
color [51.1] [189,167,127,255]
merge [51.1] [51.0]
cut [52] [33,203]
merge [52.1] [52.0]
merge [52.2] [52.3]
merge [53] [54]
cut [55] [131,156]
color [55.2] [162,145,118,255]
merge [55.1] [55.0]
merge [55.2] [55.3]
merge [57] [56]
cut [58] [162,149]
color [58.2] [70,59,54,255]
merge [58.1] [58.0]
merge [58.2] [58.3]
merge [60] [59]
cut [61] [174,150]
color [61.2] [18,15,17,255]
merge [61.1] [61.0]
merge [61.2] [61.3]
merge [63] [62]
cut [64] [243,160]
color [64.2] [191,172,135,255]
merge [64.0] [64.1]
merge [64.3] [64.2]
merge [66] [65]
cut [67] [302,140]
color [67.2] [206,186,148,255]
merge [67.0] [67.1]
merge [67.3] [67.2]
merge [69] [68]
cut [70] [392,281]
merge [70.0] [70.1]
merge [70.3] [70.2]
merge [71] [72]
cut [73] [Y] [200]
color [73.1] [186,166,129,255]
merge [73.1] [73.0]
cut [74] [17,226]
merge [74.1] [74.0]
merge [74.2] [74.3]
merge [75] [76]
cut [77] [80,200]
color [77.2] [184,163,126,255]
merge [77.1] [77.0]
merge [77.2] [77.3]
merge [78] [79]
cut [80] [25,267]
merge [80.1] [80.0]
merge [80.2] [80.3]
merge [81] [82]
cut [83] [188,200]
color [83.2] [11,9,10,255]
merge [83.1] [83.0]
merge [83.2] [83.3]
merge [85] [84]
cut [86] [351,191]
merge [86.0] [86.1]
merge [86.3] [86.2]
merge [88] [87]
cut [89] [352,214]
merge [89.0] [89.1]
merge [89.3] [89.2]
merge [90] [91]
cut [92] [391,274]
merge [92.0] [92.1]
merge [92.3] [92.2]
merge [93] [94]
cut [95] [Y] [248]
color [95.1] [171,151,116,255]
merge [95.0] [95.1]
cut [96] [40,213]
merge [96.1] [96.0]
merge [96.2] [96.3]
merge [97] [98]
cut [99] [56,267]
color [99.2] [175,154,118,255]
merge [99.1] [99.0]
merge [99.2] [99.3]
merge [100] [101]
cut [102] [371,289]
merge [102.0] [102.1]
merge [102.3] [102.2]
merge [103] [104]
cut [105] [203,209]
color [105.2] [9,7,9,255]
merge [105.0] [105.1]
merge [105.3] [105.2]
merge [106] [107]
cut [108] [225,199]
color [108.2] [172,151,115,255]
merge [108.0] [108.1]
merge [108.3] [108.2]
merge [110] [109]
cut [111] [394,283]
merge [111.0] [111.1]
merge [111.3] [111.2]
merge [112] [113]
cut [114] [381,101]
merge [114.0] [114.1]
merge [114.3] [114.2]
merge [116] [115]
cut [117] [Y] [387]
merge [117.0] [117.1]
cut [118] [9,273]
merge [118.1] [118.0]
merge [118.2] [118.3]
merge [119] [120]
cut [121] [3,307]
color [121.2] [173,150,114,255]
merge [121.1] [121.0]
merge [121.2] [121.3]
merge [122] [123]
cut [124] [24,184]
merge [124.1] [124.0]
merge [124.2] [124.3]
merge [126] [125]
cut [127] [387,279]
merge [127.0] [127.1]
merge [127.3] [127.2]
merge [128] [129]
cut [130] [398,271]
merge [130.0] [130.1]
merge [130.3] [130.2]
merge [131] [132]
cut [133] [258,305]
color [133.2] [150,129,97,255]
merge [133.0] [133.1]
merge [133.3] [133.2]
merge [134] [135]
cut [136] [350,203]
merge [136.0] [136.1]
merge [136.3] [136.2]
merge [137] [138]
cut [139] [Y] [337]
color [139.1] [153,132,97,255]
merge [139.0] [139.1]
cut [140] [9,275]
merge [140.1] [140.0]
merge [140.2] [140.3]
merge [141] [142]
cut [143] [61,206]
merge [143.1] [143.0]
merge [143.2] [143.3]
merge [144] [145]
cut [146] [49,197]
merge [146.1] [146.0]
merge [146.2] [146.3]
merge [148] [147]
cut [149] [398,123]
merge [149.0] [149.1]
merge [149.3] [149.2]
merge [151] [150]
cut [152] [1,378]
color [152.2] [130,111,81,255]
merge [152.1] [152.0]
merge [152.2] [152.3]
merge [153] [154]
cut [155] [358,202]
merge [155.0] [155.1]
merge [155.3] [155.2]
merge [156] [157]
cut [158] [309,327]
color [158.2] [104,89,67,255]
merge [158.0] [158.1]
merge [158.3] [158.2]
merge [159] [160]
