color [0] [99,17,8,255]
cut [0] [X] [310]
merge [0.0] [0.1]
cut [1] [X] [214]
color [1.1] [54,109,66,255]
merge [1.0] [1.1]
cut [2] [Y] [2]
merge [2.1] [2.0]
cut [3] [22,43]
color [3.2] [11,46,14,255]
merge [3.1] [3.0]
merge [3.2] [3.3]
merge [5] [4]
cut [6] [1,126]
merge [6.1] [6.0]
merge [6.2] [6.3]
merge [8] [7]
cut [9] [59,40]
color [9.2] [86,6,3,255]
merge [9.1] [9.0]
merge [9.2] [9.3]
merge [11] [10]
cut [12] [239,40]
color [12.2] [40,100,59,255]
merge [12.0] [12.1]
merge [12.3] [12.2]
merge [14] [13]
cut [15] [13,80]
color [15.2] [114,27,16,255]
merge [15.1] [15.0]
merge [15.2] [15.3]
merge [17] [16]
cut [18] [159,80]
color [18.2] [38,0,0,255]
merge [18.1] [18.0]
merge [18.2] [18.3]
merge [20] [19]
cut [21] [181,80]
color [21.2] [72,2,1,255]
merge [21.1] [21.0]
merge [21.2] [21.3]
merge [23] [22]
cut [24] [388,121]
merge [24.0] [24.1]
merge [24.3] [24.2]
merge [26] [25]
cut [27] [Y] [120]
color [27.1] [119,37,20,255]
merge [27.1] [27.0]
cut [28] [121,113]
color [28.2] [166,113,91,255]
merge [28.1] [28.0]
merge [28.2] [28.3]
merge [30] [29]
cut [31] [31,98]
merge [31.1] [31.0]
merge [31.2] [31.3]
merge [33] [32]
cut [34] [189,95]
color [34.2] [84,4,3,255]
merge [34.1] [34.0]
merge [34.2] [34.3]
merge [36] [35]
cut [37] [394,117]
merge [37.0] [37.1]
merge [37.3] [37.2]
merge [39] [38]
cut [40] [Y] [160]
color [40.1] [48,5,2,255]
merge [40.1] [40.0]
cut [41] [14,160]
color [41.2] [9,2,1,255]
merge [41.1] [41.0]
merge [41.2] [41.3]
merge [43] [42]
cut [44] [84,160]
color [44.2] [156,99,75,255]
merge [44.1] [44.0]
merge [44.2] [44.3]
merge [46] [45]
cut [47] [166,160]
color [47.2] [213,154,123,255]
merge [47.1] [47.0]
merge [47.2] [47.3]
merge [49] [48]
cut [50] [393,122]
merge [50.0] [50.1]
merge [50.3] [50.2]
merge [52] [51]
cut [53] [65,204]
merge [53.1] [53.0]
merge [53.2] [53.3]
merge [54] [55]
cut [56] [82,223]
color [56.2] [94,43,22,255]
merge [56.1] [56.0]
merge [56.2] [56.3]
merge [57] [58]
cut [59] [161,201]
color [59.2] [185,135,106,255]
merge [59.1] [59.0]
merge [59.2] [59.3]
merge [60] [61]
cut [62] [210,160]
color [62.2] [73,11,7,255]
merge [62.0] [62.1]
merge [62.3] [62.2]
merge [64] [63]
cut [65] [393,120]
merge [65.0] [65.1]
merge [65.3] [65.2]
merge [67] [66]
cut [68] [77,252]
color [68.2] [36,15,8,255]
merge [68.1] [68.0]
merge [68.2] [68.3]
merge [69] [70]
cut [71] [114,237]
color [71.2] [121,72,49,255]
merge [71.1] [71.0]
merge [71.2] [71.3]
merge [72] [73]
cut [74] [140,235]
color [74.2] [180,129,104,255]
merge [74.1] [74.0]
merge [74.2] [74.3]
merge [75] [76]
cut [77] [200,217]
color [77.2] [65,34,23,255]
merge [77.1] [77.0]
merge [77.3] [77.2]
merge [78] [79]
cut [80] [254,66]
color [80.2] [19,44,28,255]
merge [80.0] [80.1]
merge [80.3] [80.2]
merge [82] [81]
cut [83] [Y] [280]
color [83.1] [18,64,37,255]
merge [83.0] [83.1]
cut [84] [49,280]
color [84.2] [16,6,4,255]
merge [84.1] [84.0]
merge [84.2] [84.3]
merge [85] [86]
cut [87] [16,280]
merge [87.1] [87.0]
merge [87.2] [87.3]
merge [88] [89]
cut [90] [1,124]
merge [90.1] [90.0]
merge [90.2] [90.3]
merge [92] [91]
cut [93] [181,265]
color [93.2] [12,5,3,255]
merge [93.1] [93.0]
merge [93.2] [93.3]
merge [94] [95]
cut [96] [208,265]
color [96.2] [152,80,48,255]
merge [96.0] [96.1]
merge [96.3] [96.2]
merge [97] [98]
cut [99] [240,262]
color [99.2] [37,85,57,255]
merge [99.0] [99.1]
merge [99.3] [99.2]
merge [100] [101]
cut [102] [259,125]
color [102.2] [23,48,33,255]
merge [102.0] [102.1]
merge [102.3] [102.2]
merge [104] [103]
cut [105] [341,274]
color [105.2] [55,127,83,255]
merge [105.0] [105.1]
merge [105.3] [105.2]
merge [106] [107]
cut [108] [Y] [275]
merge [108.0] [108.1]
cut [109] [6,271]
merge [109.1] [109.0]
merge [109.2] [109.3]
merge [110] [111]
cut [112] [76,345]
color [112.2] [112,28,5,255]
merge [112.1] [112.0]
merge [112.2] [112.3]
merge [113] [114]
cut [115] [192,321]
color [115.2] [55,104,67,255]
merge [115.1] [115.0]
merge [115.2] [115.3]
merge [116] [117]
cut [118] [255,320]
color [118.2] [27,51,36,255]
merge [118.0] [118.1]
merge [118.3] [118.2]
merge [119] [120]
cut [121] [323,320]
color [121.2] [52,104,74,255]
merge [121.0] [121.1]
merge [121.3] [121.2]
merge [122] [123]
cut [124] [394,276]
merge [124.0] [124.1]
merge [124.3] [124.2]
merge [125] [126]
cut [127] [2,377]
color [127.2] [11,27,16,255]
merge [127.1] [127.0]
merge [127.2] [127.3]
merge [128] [129]
cut [130] [182,367]
color [130.2] [33,69,48,255]
merge [130.1] [130.0]
merge [130.2] [130.3]
merge [131] [132]
cut [133] [332,194]
merge [133.0] [133.1]
merge [133.3] [133.2]
merge [135] [134]
