color [0] [49,65,72,255]
cut [0] [X] [81]
merge [0.1] [0.0]
cut [1] [X] [36]
color [1.1] [31,36,31,255]
merge [1.1] [1.0]
cut [2] [X] [79]
merge [2.1] [2.0]
cut [3] [X] [294]
merge [3.0] [3.1]
cut [4] [X] [391]
merge [4.0] [4.1]
cut [5] [X] [223]
color [5.1] [45,50,56,255]
merge [5.0] [5.1]
cut [6] [X] [350]
color [6.1] [51,65,80,255]
merge [6.0] [6.1]
cut [7] [Y] [88]
color [7.1] [63,87,146,255]
merge [7.1] [7.0]
cut [8] [50,83]
color [8.2] [35,39,35,255]
merge [8.1] [8.0]
merge [8.2] [8.3]
merge [10] [9]
cut [11] [5,126]
merge [11.1] [11.0]
merge [11.2] [11.3]
merge [13] [12]
cut [14] [26,99]
merge [14.1] [14.0]
merge [14.2] [14.3]
merge [16] [15]
cut [17] [200,57]
color [17.2] [56,72,95,255]
merge [17.0] [17.1]
merge [17.2] [17.3]
merge [19] [18]
cut [20] [368,131]
merge [20.0] [20.1]
merge [20.3] [20.2]
merge [22] [21]
cut [23] [353,207]
merge [23.0] [23.1]
merge [23.3] [23.2]
merge [24] [25]
cut [26] [341,193]
merge [26.0] [26.1]
merge [26.3] [26.2]
merge [28] [27]
cut [29] [Y] [100]
color [29.1] [112,140,158,255]
merge [29.1] [29.0]
cut [30] [48,100]
color [30.2] [30,36,32,255]
merge [30.1] [30.0]
merge [30.2] [30.3]
merge [32] [31]
cut [33] [13,100]
merge [33.1] [33.0]
merge [33.2] [33.3]
merge [35] [34]
cut [36] [25,224]
merge [36.1] [36.0]
merge [36.2] [36.3]
merge [37] [38]
cut [39] [372,225]
merge [39.0] [39.1]
merge [39.3] [39.2]
merge [40] [41]
cut [42] [151,97]
color [42.2] [74,102,142,255]
merge [42.1] [42.0]
merge [42.2] [42.3]
merge [44] [43]
cut [45] [286,75]
color [45.2] [58,76,114,255]
merge [45.0] [45.1]
merge [45.3] [45.2]
merge [47] [46]
cut [48] [372,227]
merge [48.0] [48.1]
merge [48.3] [48.2]
merge [49] [50]
cut [51] [Y] [157]
color [51.1] [90,120,149,255]
merge [51.1] [51.0]
cut [52] [49,150]
color [52.2] [36,40,37,255]
merge [52.1] [52.0]
merge [52.2] [52.3]
merge [54] [53]
cut [55] [101,136]
color [55.2] [110,126,151,255]
merge [55.1] [55.0]
merge [55.2] [55.3]
merge [57] [56]
cut [58] [135,150]
color [58.2] [168,183,171,255]
merge [58.1] [58.0]
merge [58.2] [58.3]
merge [60] [59]
cut [61] [192,161]
color [61.2] [88,124,162,255]
merge [61.1] [61.0]
merge [61.2] [61.3]
merge [63] [62]
cut [64] [398,271]
merge [64.0] [64.1]
merge [64.3] [64.2]
merge [65] [66]
cut [67] [303,147]
color [67.2] [142,165,168,255]
merge [67.0] [67.1]
merge [67.3] [67.2]
merge [69] [68]
cut [70] [381,170]
merge [70.0] [70.1]
merge [70.3] [70.2]
merge [72] [71]
cut [73] [Y] [239]
color [73.1] [116,148,177,255]
merge [73.0] [73.1]
cut [74] [60,228]
color [74.2] [45,55,48,255]
merge [74.1] [74.0]
merge [74.2] [74.3]
merge [75] [76]
cut [77] [89,222]
color [77.2] [58,96,144,255]
merge [77.1] [77.0]
merge [77.2] [77.3]
merge [78] [79]
cut [80] [163,200]
color [80.2] [118,146,178,255]
merge [80.1] [80.0]
merge [80.2] [80.3]
merge [82] [81]
cut [83] [220,200]
color [83.2] [96,126,163,255]
merge [83.0] [83.1]
merge [83.3] [83.2]
merge [85] [84]
cut [86] [37,179]
merge [86.1] [86.0]
merge [86.2] [86.3]
merge [88] [87]
cut [89] [301,176]
color [89.2] [106,134,172,255]
merge [89.0] [89.1]
merge [89.3] [89.2]
merge [91] [90]
cut [92] [387,119]
merge [92.0] [92.1]
merge [92.3] [92.2]
merge [94] [93]
cut [95] [Y] [360]
merge [95.0] [95.1]
cut [96] [50,210]
merge [96.1] [96.0]
merge [96.2] [96.3]
merge [97] [98]
cut [99] [44,269]
merge [99.1] [99.0]
merge [99.2] [99.3]
merge [100] [101]
cut [102] [66,197]
merge [102.1] [102.0]
merge [102.2] [102.3]
merge [104] [103]
cut [105] [90,250]
color [105.2] [100,128,168,255]
merge [105.1] [105.0]
merge [105.2] [105.3]
merge [106] [107]
cut [108] [341,211]
merge [108.0] [108.1]
merge [108.3] [108.2]
merge [109] [110]
cut [111] [300,250]
color [111.2] [80,112,156,255]
merge [111.0] [111.1]
merge [111.3] [111.2]
merge [112] [113]
cut [114] [358,209]
merge [114.0] [114.1]
merge [114.3] [114.2]
merge [115] [116]
cut [117] [Y] [300]
color [117.1] [61,85,151,255]
merge [117.0] [117.1]
cut [118] [39,300]
merge [118.1] [118.0]
merge [118.2] [118.3]
merge [119] [120]
cut [121] [76,320]
color [121.2] [144,156,126,255]
merge [121.1] [121.0]
merge [121.2] [121.3]
merge [122] [123]
cut [124] [21,267]
merge [124.1] [124.0]
merge [124.2] [124.3]
merge [125] [126]
cut [127] [11,208]
merge [127.1] [127.0]
merge [127.2] [127.3]
merge [128] [129]
cut [130] [108,287]
color [130.2] [92,121,162,255]
merge [130.1] [130.0]
merge [130.2] [130.3]
merge [131] [132]
cut [133] [392,278]
merge [133.0] [133.1]
merge [133.3] [133.2]
merge [134] [135]
cut [136] [350,209]
merge [136.0] [136.1]
merge [136.3] [136.2]
merge [137] [138]
cut [139] [Y] [371]
color [139.1] [138,141,157,255]
merge [139.0] [139.1]
cut [140] [48,345]
color [140.2] [49,67,126,255]
merge [140.1] [140.0]
merge [140.2] [140.3]
merge [141] [142]
cut [143] [57,189]
merge [143.1] [143.0]
merge [143.2] [143.3]
merge [145] [144]
cut [146] [4,277]
merge [146.1] [146.0]
merge [146.2] [146.3]
merge [147] [148]
cut [149] [133,341]
color [149.2] [61,81,141,255]
merge [149.1] [149.0]
merge [149.2] [149.3]
merge [150] [151]
cut [152] [366,176]
merge [152.0] [152.1]
merge [152.3] [152.2]
merge [154] [153]
cut [155] [384,169]
merge [155.0] [155.1]
merge [155.3] [155.2]
merge [157] [156]
cut [158] [398,282]
merge [158.0] [158.1]
merge [158.3] [158.2]
merge [159] [160]
