color [0] [80,46,37,255]
cut [0] [X] [392]
merge [0.0] [0.1]
cut [1] [X] [73]
color [1.1] [43,38,26,255]
merge [1.1] [1.0]
cut [2] [X] [115]
color [2.1] [44,35,23,255]
merge [2.1] [2.0]
cut [3] [X] [208]
color [3.1] [36,28,21,255]
merge [3.0] [3.1]
cut [4] [X] [294]
merge [4.0] [4.1]
cut [5] [X] [290]
color [5.1] [35,24,16,255]
merge [5.0] [5.1]
cut [6] [X] [365]
color [6.1] [52,32,20,255]
merge [6.0] [6.1]
cut [7] [Y] [69]
color [7.1] [97,68,41,255]
merge [7.1] [7.0]
cut [8] [26,125]
merge [8.1] [8.0]
merge [8.2] [8.3]
merge [10] [9]
cut [11] [1,274]
merge [11.1] [11.0]
merge [11.2] [11.3]
merge [12] [13]
cut [14] [7,126]
merge [14.1] [14.0]
merge [14.2] [14.3]
merge [16] [15]
cut [17] [3,123]
merge [17.1] [17.0]
merge [17.2] [17.3]
merge [19] [18]
cut [20] [245,50]
color [20.2] [52,39,26,255]
merge [20.0] [20.1]
merge [20.3] [20.2]
merge [22] [21]
cut [23] [292,50]
color [23.2] [37,26,19,255]
merge [23.0] [23.1]
merge [23.3] [23.2]
merge [25] [24]
cut [26] [354,50]
color [26.2] [74,41,24,255]
merge [26.0] [26.1]
merge [26.3] [26.2]
merge [28] [27]
cut [29] [Y] [107]
color [29.1] [86,58,36,255]
merge [29.1] [29.0]
cut [30] [42,100]
color [30.2] [99,69,33,255]
merge [30.1] [30.0]
merge [30.2] [30.3]
merge [32] [31]
cut [33] [86,100]
color [33.2] [65,51,35,255]
merge [33.1] [33.0]
merge [33.2] [33.3]
merge [35] [34]
cut [36] [155,100]
color [36.2] [202,157,89,255]
merge [36.1] [36.0]
merge [36.2] [36.3]
merge [38] [37]
cut [39] [2,131]
merge [39.1] [39.0]
merge [39.2] [39.3]
merge [41] [40]
cut [42] [240,100]
color [42.2] [72,51,32,255]
merge [42.0] [42.1]
merge [42.3] [42.2]
merge [44] [43]
cut [45] [377,169]
merge [45.0] [45.1]
merge [45.3] [45.2]
merge [47] [46]
cut [48] [323,111]
color [48.2] [97,72,35,255]
merge [48.0] [48.1]
merge [48.3] [48.2]
merge [50] [49]
cut [51] [Y] [150]
color [51.1] [65,58,42,255]
merge [51.1] [51.0]
cut [52] [43,150]
color [52.2] [81,72,54,255]
merge [52.1] [52.0]
merge [52.2] [52.3]
merge [54] [53]
cut [55] [53,208]
merge [55.1] [55.0]
merge [55.2] [55.3]
merge [56] [57]
cut [58] [127,155]
color [58.2] [65,48,39,255]
merge [58.1] [58.0]
merge [58.2] [58.3]
merge [60] [59]
cut [61] [388,106]
merge [61.0] [61.1]
merge [61.3] [61.2]
merge [63] [62]
cut [64] [243,150]
color [64.2] [50,41,32,255]
merge [64.0] [64.1]
merge [64.3] [64.2]
merge [66] [65]
cut [67] [290,150]
color [67.2] [67,61,42,255]
merge [67.0] [67.1]
merge [67.3] [67.2]
merge [69] [68]
cut [70] [355,270]
merge [70.0] [70.1]
merge [70.3] [70.2]
merge [71] [72]
cut [73] [Y] [224]
color [73.1] [75,69,50,255]
merge [73.0] [73.1]
cut [74] [33,200]
color [74.2] [80,74,51,255]
merge [74.1] [74.0]
merge [74.2] [74.3]
merge [76] [75]
cut [77] [110,200]
color [77.2] [67,55,39,255]
merge [77.1] [77.0]
merge [77.2] [77.3]
merge [79] [78]
cut [80] [152,200]
color [80.2] [158,111,65,255]
merge [80.1] [80.0]
merge [80.2] [80.3]
merge [82] [81]
cut [83] [216,200]
color [83.2] [103,74,39,255]
merge [83.0] [83.1]
merge [83.3] [83.2]
merge [85] [84]
cut [86] [229,200]
color [86.2] [55,54,41,255]
merge [86.0] [86.1]
merge [86.3] [86.2]
merge [88] [87]
cut [89] [381,232]
merge [89.0] [89.1]
merge [89.3] [89.2]
merge [90] [91]
cut [92] [280,227]
color [92.2] [78,81,60,255]
merge [92.0] [92.1]
merge [92.3] [92.2]
merge [93] [94]
cut [95] [Y] [256]
color [95.1] [118,103,80,255]
merge [95.0] [95.1]
cut [96] [45,268]
color [96.2] [169,154,111,255]
merge [96.1] [96.0]
merge [96.2] [96.3]
merge [97] [98]
cut [99] [26,268]
merge [99.1] [99.0]
merge [99.2] [99.3]
merge [100] [101]
cut [102] [127,267]
color [102.2] [181,134,78,255]
merge [102.1] [102.0]
merge [102.2] [102.3]
merge [103] [104]
cut [105] [220,250]
color [105.2] [108,78,37,255]
merge [105.0] [105.1]
merge [105.3] [105.2]
merge [106] [107]
cut [108] [236,250]
color [108.2] [68,75,56,255]
merge [108.0] [108.1]
merge [108.3] [108.2]
merge [109] [110]
cut [111] [325,239]
color [111.2] [135,132,86,255]
merge [111.0] [111.1]
merge [111.3] [111.2]
merge [112] [113]
cut [114] [349,203]
merge [114.0] [114.1]
merge [114.3] [114.2]
merge [115] [116]
cut [117] [Y] [291]
merge [117.0] [117.1]
cut [118] [12,290]
color [118.2] [155,148,111,255]
merge [118.1] [118.0]
merge [118.2] [118.3]
merge [119] [120]
cut [121] [12,281]
merge [121.1] [121.0]
merge [121.2] [121.3]
merge [122] [123]
cut [124] [155,311]
color [124.2] [106,107,70,255]
merge [124.1] [124.0]
merge [124.2] [124.3]
merge [125] [126]
cut [127] [200,300]
color [127.2] [76,75,49,255]
merge [127.0] [127.1]
merge [127.2] [127.3]
merge [128] [129]
cut [130] [250,300]
color [130.2] [137,133,103,255]
merge [130.0] [130.1]
merge [130.3] [130.2]
merge [131] [132]
cut [133] [356,217]
merge [133.0] [133.1]
merge [133.3] [133.2]
merge [134] [135]
cut [136] [392,280]
merge [136.0] [136.1]
merge [136.3] [136.2]
merge [137] [138]
cut [139] [Y] [350]
merge [139.0] [139.1]
cut [140] [50,211]
merge [140.1] [140.0]
merge [140.2] [140.3]
merge [141] [142]
cut [143] [11,277]
merge [143.1] [143.0]
merge [143.2] [143.3]
merge [144] [145]
cut [146] [40,182]
merge [146.1] [146.0]
merge [146.2] [146.3]
merge [148] [147]
cut [149] [10,350]
color [149.2] [118,113,90,255]
merge [149.1] [149.0]
merge [149.2] [149.3]
merge [150] [151]
cut [152] [385,132]
merge [152.0] [152.1]
merge [152.3] [152.2]
merge [154] [153]
cut [155] [388,184]
merge [155.0] [155.1]
merge [155.3] [155.2]
merge [157] [156]
cut [158] [367,302]
merge [158.0] [158.1]
merge [158.3] [158.2]
merge [159] [160]
