cut [0] [X] [60]
color [0.1] [24,27,32,255]
merge [0.1] [0.0]
cut [1] [X] [83]
merge [1.1] [1.0]
cut [2] [X] [74]
merge [2.1] [2.0]
cut [3] [X] [120]
color [3.1] [103,92,56,255]
merge [3.1] [3.0]
cut [4] [X] [278]
merge [4.0] [4.1]
cut [5] [X] [306]
color [5.1] [67,62,48,255]
merge [5.0] [5.1]
cut [6] [X] [357]
color [6.1] [43,43,39,255]
merge [6.0] [6.1]
cut [7] [Y] [53]
color [7.1] [24,25,33,255]
merge [7.1] [7.0]
cut [8] [50,183]
merge [8.1] [8.0]
merge [8.2] [8.3]
merge [10] [9]
cut [11] [39,201]
merge [11.1] [11.0]
merge [11.2] [11.3]
merge [12] [13]
cut [14] [127,50]
color [14.2] [88,83,55,255]
merge [14.1] [14.0]
merge [14.2] [14.3]
merge [16] [15]
cut [17] [188,45]
color [17.2] [113,99,53,255]
merge [17.1] [17.0]
merge [17.2] [17.3]
merge [19] [18]
cut [20] [398,271]
merge [20.0] [20.1]
merge [20.3] [20.2]
merge [21] [22]
cut [23] [303,48]
color [23.2] [77,71,49,255]
merge [23.0] [23.1]
merge [23.3] [23.2]
merge [25] [24]
cut [26] [338,209]
merge [26.0] [26.1]
merge [26.3] [26.2]
merge [27] [28]
cut [29] [Y] [100]
color [29.1] [21,24,31,255]
merge [29.1] [29.0]
cut [30] [50,201]
merge [30.1] [30.0]
merge [30.2] [30.3]
merge [31] [32]
cut [33] [9,125]
merge [33.1] [33.0]
merge [33.2] [33.3]
merge [35] [34]
cut [36] [23,175]
merge [36.1] [36.0]
merge [36.2] [36.3]
merge [38] [37]
cut [39] [170,100]
color [39.2] [190,153,66,255]
merge [39.1] [39.0]
merge [39.2] [39.3]
merge [41] [40]
cut [42] [240,100]
color [42.2] [141,122,58,255]
merge [42.0] [42.1]
merge [42.3] [42.2]
merge [44] [43]
cut [45] [276,99]
color [45.2] [63,61,52,255]
merge [45.0] [45.1]
merge [45.3] [45.2]
merge [47] [46]
cut [48] [345,33]
color [48.2] [33,33,35,255]
merge [48.0] [48.1]
merge [48.3] [48.2]
merge [50] [49]
cut [51] [Y] [157]
color [51.1] [19,20,27,255]
merge [51.1] [51.0]
cut [52] [66,155]
color [52.2] [73,54,38,255]
merge [52.1] [52.0]
merge [52.2] [52.3]
merge [54] [53]
cut [55] [72,173]
color [55.2] [95,58,40,255]
merge [55.1] [55.0]
merge [55.2] [55.3]
merge [57] [56]
cut [58] [166,150]
color [58.2] [93,71,42,255]
merge [58.1] [58.0]
merge [58.2] [58.3]
merge [60] [59]
cut [61] [228,150]
color [61.2] [145,110,64,255]
merge [61.0] [61.1]
merge [61.3] [61.2]
merge [63] [62]
cut [64] [273,150]
color [64.2] [152,164,135,255]
merge [64.0] [64.1]
merge [64.3] [64.2]
merge [66] [65]
cut [67] [304,150]
color [67.2] [49,59,52,255]
merge [67.0] [67.1]
merge [67.3] [67.2]
merge [69] [68]
cut [70] [331,150]
color [70.2] [26,29,37,255]
merge [70.0] [70.1]
merge [70.3] [70.2]
merge [72] [71]
cut [73] [Y] [199]
color [73.1] [19,20,27,255]
merge [73.1] [73.0]
cut [74] [2,270]
merge [74.1] [74.0]
merge [74.2] [74.3]
merge [75] [76]
cut [77] [100,187]
color [77.2] [115,86,49,255]
merge [77.1] [77.0]
merge [77.2] [77.3]
merge [79] [78]
cut [80] [30,208]
merge [80.1] [80.0]
merge [80.2] [80.3]
merge [81] [82]
cut [83] [191,193]
color [83.2] [70,57,43,255]
merge [83.1] [83.0]
merge [83.2] [83.3]
merge [85] [84]
cut [86] [384,280]
merge [86.0] [86.1]
merge [86.3] [86.2]
merge [87] [88]
cut [89] [299,182]
color [89.2] [32,35,39,255]
merge [89.0] [89.1]
merge [89.3] [89.2]
merge [91] [90]
cut [92] [373,203]
merge [92.0] [92.1]
merge [92.3] [92.2]
merge [93] [94]
cut [95] [Y] [354]
merge [95.0] [95.1]
cut [96] [28,267]
merge [96.1] [96.0]
merge [96.2] [96.3]
merge [97] [98]
cut [99] [46,209]
merge [99.1] [99.0]
merge [99.2] [99.3]
merge [100] [101]
cut [102] [72,246]
color [102.2] [159,113,49,255]
merge [102.1] [102.0]
merge [102.2] [102.3]
merge [103] [104]
cut [105] [175,239]
color [105.2] [94,62,32,255]
merge [105.1] [105.0]
merge [105.2] [105.3]
merge [106] [107]
cut [108] [332,195]
merge [108.0] [108.1]
merge [108.3] [108.2]
merge [110] [109]
cut [111] [227,239]
color [111.2] [50,37,29,255]
merge [111.0] [111.1]
merge [111.3] [111.2]
merge [112] [113]
cut [114] [391,273]
merge [114.0] [114.1]
merge [114.3] [114.2]
merge [115] [116]
cut [117] [Y] [302]
color [117.1] [18,20,27,255]
merge [117.0] [117.1]
cut [118] [49,269]
merge [118.1] [118.0]
merge [118.2] [118.3]
merge [119] [120]
cut [121] [96,296]
color [121.2] [133,94,45,255]
merge [121.1] [121.0]
merge [121.2] [121.3]
merge [122] [123]
cut [124] [13,124]
merge [124.1] [124.0]
merge [124.2] [124.3]
merge [126] [125]
cut [127] [32,300]
merge [127.1] [127.0]
merge [127.2] [127.3]
merge [128] [129]
cut [130] [181,272]
color [130.2] [65,63,53,255]
merge [130.1] [130.0]
merge [130.2] [130.3]
merge [131] [132]
cut [133] [265,236]
color [133.2] [29,29,24,255]
merge [133.0] [133.1]
merge [133.3] [133.2]
merge [134] [135]
cut [136] [397,120]
merge [136.0] [136.1]
merge [136.3] [136.2]
merge [138] [137]
cut [139] [Y] [254]
merge [139.0] [139.1]
cut [140] [59,368]
color [140.2] [43,37,32,255]
merge [140.1] [140.0]
merge [140.2] [140.3]
merge [141] [142]
cut [143] [2,280]
merge [143.1] [143.0]
merge [143.2] [143.3]
merge [144] [145]
cut [146] [331,202]
merge [146.0] [146.1]
merge [146.3] [146.2]
merge [147] [148]
cut [149] [159,361]
color [149.2] [72,64,41,255]
merge [149.1] [149.0]
merge [149.2] [149.3]
merge [150] [151]
cut [152] [73,198]
merge [152.1] [152.0]
merge [152.2] [152.3]
merge [154] [153]
cut [155] [38,213]
merge [155.1] [155.0]
merge [155.2] [155.3]
merge [156] [157]
cut [158] [352,175]
color [158.2] [24,25,30,255]
merge [158.0] [158.1]
merge [158.3] [158.2]
merge [160] [159]
