cut [0] [X] [32]
merge [0.1] [0.0]
cut [1] [X] [12]
color [1.1] [186,140,66,255]
merge [1.1] [1.0]
cut [2] [X] [162]
color [2.1] [170,122,48,255]
merge [2.1] [2.0]
cut [3] [X] [201]
color [3.1] [135,88,27,255]
merge [3.0] [3.1]
cut [4] [X] [273]
color [4.1] [203,160,86,255]
merge [4.0] [4.1]
cut [5] [X] [314]
color [5.1] [162,114,40,255]
merge [5.0] [5.1]
cut [6] [X] [334]
color [6.1] [24,16,12,255]
merge [6.0] [6.1]
cut [7] [Y] [56]
color [7.1] [19,17,15,255]
merge [7.1] [7.0]
cut [8] [17,185]
merge [8.1] [8.0]
merge [8.2] [8.3]
merge [10] [9]
cut [11] [28,56]
color [11.2] [182,136,64,255]
merge [11.1] [11.0]
merge [11.2] [11.3]
merge [13] [12]
cut [14] [172,56]
color [14.2] [155,117,55,255]
merge [14.1] [14.0]
merge [14.2] [14.3]
merge [16] [15]
cut [17] [199,50]
color [17.2] [102,71,33,255]
merge [17.1] [17.0]
merge [17.2] [17.3]
merge [19] [18]
cut [20] [222,76]
color [20.2] [40,23,15,255]
merge [20.0] [20.1]
merge [20.3] [20.2]
merge [22] [21]
cut [23] [312,50]
color [23.2] [123,94,29,255]
merge [23.0] [23.1]
merge [23.3] [23.2]
merge [25] [24]
cut [26] [365,50]
color [26.2] [26,17,14,255]
merge [26.0] [26.1]
merge [26.3] [26.2]
merge [28] [27]
cut [29] [Y] [100]
color [29.1] [16,15,12,255]
merge [29.1] [29.0]
cut [30] [44,100]
color [30.2] [153,109,41,255]
merge [30.1] [30.0]
merge [30.2] [30.3]
merge [32] [31]
cut [33] [95,96]
color [33.2] [147,121,80,255]
merge [33.1] [33.0]
merge [33.2] [33.3]
merge [35] [34]
cut [36] [10,274]
merge [36.1] [36.0]
merge [36.2] [36.3]
merge [37] [38]
cut [39] [198,96]
color [39.2] [62,42,26,255]
merge [39.1] [39.0]
merge [39.2] [39.3]
merge [41] [40]
cut [42] [239,96]
color [42.2] [20,14,12,255]
merge [42.0] [42.1]
merge [42.3] [42.2]
merge [44] [43]
cut [45] [389,166]
merge [45.0] [45.1]
merge [45.3] [45.2]
merge [47] [46]
cut [48] [364,217]
merge [48.0] [48.1]
merge [48.3] [48.2]
merge [49] [50]
cut [51] [Y] [151]
color [51.1] [17,14,13,255]
merge [51.1] [51.0]
cut [52] [60,150]
color [52.2] [69,43,20,255]
merge [52.1] [52.0]
merge [52.2] [52.3]
merge [54] [53]
cut [55] [103,150]
color [55.2] [135,109,71,255]
merge [55.1] [55.0]
merge [55.2] [55.3]
merge [57] [56]
cut [58] [344,204]
merge [58.0] [58.1]
merge [58.3] [58.2]
merge [59] [60]
cut [61] [209,150]
color [61.2] [75,55,32,255]
merge [61.0] [61.1]
merge [61.3] [61.2]
merge [63] [62]
cut [64] [390,217]
merge [64.0] [64.1]
merge [64.3] [64.2]
merge [65] [66]
cut [67] [235,150]
color [67.2] [26,17,11,255]
merge [67.0] [67.1]
merge [67.3] [67.2]
merge [69] [68]
cut [70] [390,120]
merge [70.0] [70.1]
merge [70.3] [70.2]
merge [72] [71]
cut [73] [Y] [12]
merge [73.1] [73.0]
cut [74] [60,200]
color [74.2] [26,20,11,255]
merge [74.1] [74.0]
merge [74.2] [74.3]
merge [76] [75]
cut [77] [119,200]
color [77.2] [67,48,28,255]
merge [77.1] [77.0]
merge [77.2] [77.3]
merge [79] [78]
cut [80] [143,200]
color [80.2] [108,80,41,255]
merge [80.1] [80.0]
merge [80.2] [80.3]
merge [82] [81]
cut [83] [242,184]
color [83.2] [111,79,40,255]
merge [83.0] [83.1]
merge [83.3] [83.2]
merge [85] [84]
cut [86] [349,186]
merge [86.0] [86.1]
merge [86.3] [86.2]
merge [88] [87]
cut [89] [299,98]
color [89.2] [21,14,11,255]
merge [89.0] [89.1]
merge [89.3] [89.2]
merge [91] [90]
cut [92] [350,267]
merge [92.0] [92.1]
merge [92.3] [92.2]
merge [93] [94]
cut [95] [Y] [332]
merge [95.0] [95.1]
cut [96] [45,256]
color [96.2] [64,51,19,255]
merge [96.1] [96.0]
merge [96.2] [96.3]
merge [97] [98]
cut [99] [17,106]
merge [99.1] [99.0]
merge [99.2] [99.3]
merge [101] [100]
cut [102] [127,256]
color [102.2] [110,79,45,255]
merge [102.1] [102.0]
merge [102.2] [102.3]
merge [103] [104]
cut [105] [205,250]
color [105.2] [127,97,57,255]
merge [105.0] [105.1]
merge [105.3] [105.2]
merge [106] [107]
cut [108] [342,200]
merge [108.0] [108.1]
merge [108.3] [108.2]
merge [110] [109]
cut [111] [300,250]
color [111.2] [86,53,26,255]
merge [111.0] [111.1]
merge [111.3] [111.2]
merge [112] [113]
cut [114] [320,110]
color [114.2] [21,13,11,255]
merge [114.0] [114.1]
merge [114.3] [114.2]
merge [116] [115]
cut [117] [Y] [285]
merge [117.0] [117.1]
cut [118] [103,245]
merge [118.1] [118.0]
merge [118.2] [118.3]
merge [119] [120]
cut [121] [3,273]
merge [121.1] [121.0]
merge [121.2] [121.3]
merge [122] [123]
cut [124] [160,302]
color [124.2] [91,66,37,255]
merge [124.1] [124.0]
merge [124.2] [124.3]
merge [125] [126]
cut [127] [386,191]
merge [127.0] [127.1]
merge [127.3] [127.2]
merge [129] [128]
cut [130] [386,281]
merge [130.0] [130.1]
merge [130.3] [130.2]
merge [131] [132]
cut [133] [312,302]
color [133.2] [20,12,11,255]
merge [133.0] [133.1]
merge [133.3] [133.2]
merge [134] [135]
cut [136] [351,191]
merge [136.0] [136.1]
merge [136.3] [136.2]
merge [138] [137]
cut [139] [Y] [282]
merge [139.0] [139.1]
cut [140] [49,339]
color [140.2] [78,58,26,255]
merge [140.1] [140.0]
merge [140.2] [140.3]
merge [141] [142]
cut [143] [27,213]
merge [143.1] [143.0]
merge [143.2] [143.3]
merge [144] [145]
cut [146] [22,270]
merge [146.1] [146.0]
merge [146.2] [146.3]
merge [147] [148]
cut [149] [178,311]
color [149.2] [90,61,23,255]
merge [149.1] [149.0]
merge [149.2] [149.3]
merge [150] [151]
cut [152] [389,122]
merge [152.0] [152.1]
merge [152.3] [152.2]
merge [154] [153]
cut [155] [380,212]
merge [155.0] [155.1]
merge [155.3] [155.2]
merge [156] [157]
cut [158] [277,311]
color [158.2] [20,13,11,255]
merge [158.0] [158.1]
merge [158.3] [158.2]
merge [159] [160]
