color [0] [255,255,255,255]
cut [0] [60,191]
merge [0.1] [0.0]
merge [0.2] [0.3]
merge [2] [1]
cut [3] [17,121]
merge [3.1] [3.0]
merge [3.2] [3.3]
merge [5] [4]
cut [6] [15,120]
merge [6.1] [6.0]
merge [6.2] [6.3]
merge [8] [7]
cut [9] [4,130]
merge [9.1] [9.0]
merge [9.2] [9.3]
merge [11] [10]
cut [12] [14,120]
merge [12.1] [12.0]
merge [12.2] [12.3]
merge [14] [13]
cut [15] [51,201]
merge [15.1] [15.0]
merge [15.2] [15.3]
merge [16] [17]
cut [18] [42,220]
merge [18.1] [18.0]
merge [18.2] [18.3]
merge [19] [20]
cut [21] [382,120]
merge [21.0] [21.1]
merge [21.3] [21.2]
merge [23] [22]
cut [24] [371,217]
merge [24.0] [24.1]
merge [24.3] [24.2]
merge [25] [26]
cut [27] [398,130]
merge [27.0] [27.1]
merge [27.3] [27.2]
merge [29] [28]
cut [30] [393,119]
merge [30.0] [30.1]
merge [30.3] [30.2]
merge [32] [31]
cut [33] [381,120]
merge [33.0] [33.1]
merge [33.3] [33.2]
merge [35] [34]
cut [36] [379,182]
merge [36.0] [36.1]
merge [36.3] [36.2]
merge [38] [37]
cut [39] [40,197]
merge [39.1] [39.0]
merge [39.2] [39.3]
merge [41] [40]
cut [42] [84,135]
color [42.2] [0,0,0,255]
merge [42.1] [42.0]
merge [42.2] [42.3]
merge [44] [43]
cut [45] [30,222]
merge [45.1] [45.0]
merge [45.2] [45.3]
merge [46] [47]
cut [48] [111,130]
color [48.2] [255,255,255,255]
merge [48.1] [48.0]
merge [48.2] [48.3]
merge [50] [49]
cut [51] [144,135]
color [51.2] [0,0,0,255]
merge [51.1] [51.0]
merge [51.2] [51.3]
merge [53] [52]
cut [54] [4,122]
merge [54.1] [54.0]
merge [54.2] [54.3]
merge [56] [55]
cut [57] [46,203]
merge [57.1] [57.0]
merge [57.2] [57.3]
merge [58] [59]
cut [60] [10,278]
merge [60.1] [60.0]
merge [60.2] [60.3]
merge [61] [62]
cut [63] [50,183]
merge [63.1] [63.0]
merge [63.2] [63.3]
merge [65] [64]
cut [66] [398,129]
merge [66.0] [66.1]
merge [66.3] [66.2]
merge [68] [67]
cut [69] [360,180]
merge [69.0] [69.1]
merge [69.3] [69.2]
merge [71] [70]
cut [72] [362,186]
merge [72.0] [72.1]
merge [72.3] [72.2]
merge [74] [73]
cut [75] [8,126]
merge [75.1] [75.0]
merge [75.2] [75.3]
merge [77] [76]
cut [78] [390,121]
merge [78.0] [78.1]
merge [78.3] [78.2]
merge [80] [79]
cut [81] [14,279]
merge [81.1] [81.0]
merge [81.2] [81.3]
merge [82] [83]
cut [84] [357,188]
merge [84.0] [84.1]
merge [84.3] [84.2]
merge [86] [85]
cut [87] [4,160]
color [87.2] [255,255,255,255]
merge [87.1] [87.0]
merge [87.2] [87.3]
merge [89] [88]
cut [90] [94,160]
color [90.2] [0,0,0,255]
merge [90.1] [90.0]
merge [90.2] [90.3]
merge [92] [91]
cut [93] [120,160]
color [93.2] [255,255,255,255]
merge [93.1] [93.0]
merge [93.2] [93.3]
merge [95] [94]
cut [96] [133,155]
color [96.2] [0,0,0,255]
merge [96.1] [96.0]
merge [96.2] [96.3]
merge [98] [97]
cut [99] [161,148]
color [99.2] [255,255,255,255]
merge [99.1] [99.0]
merge [99.2] [99.3]
merge [101] [100]
cut [102] [381,210]
merge [102.0] [102.1]
merge [102.3] [102.2]
merge [103] [104]
cut [105] [5,182]
color [105.2] [255,255,255,255]
merge [105.1] [105.0]
merge [105.2] [105.3]
merge [107] [106]
cut [108] [102,160]
merge [108.1] [108.0]
merge [108.2] [108.3]
merge [110] [109]
cut [111] [333,203]
merge [111.0] [111.1]
merge [111.3] [111.2]
merge [112] [113]
cut [114] [51,267]
merge [114.1] [114.0]
merge [114.2] [114.3]
merge [115] [116]
cut [117] [392,122]
merge [117.0] [117.1]
merge [117.3] [117.2]
merge [119] [118]
cut [120] [387,119]
merge [120.0] [120.1]
merge [120.3] [120.2]
merge [122] [121]
cut [123] [394,129]
merge [123.0] [123.1]
merge [123.3] [123.2]
merge [125] [124]
cut [126] [394,127]
merge [126.0] [126.1]
merge [126.3] [126.2]
merge [128] [127]
cut [129] [1,119]
merge [129.1] [129.0]
merge [129.2] [129.3]
merge [131] [130]
cut [132] [104,181]
color [132.2] [0,0,0,255]
merge [132.1] [132.0]
merge [132.2] [132.3]
merge [134] [133]
cut [135] [384,278]
merge [135.0] [135.1]
merge [135.3] [135.2]
merge [136] [137]
cut [138] [178,165]
color [138.2] [0,0,0,255]
merge [138.1] [138.0]
merge [138.2] [138.3]
merge [140] [139]
cut [141] [168,178]
color [141.2] [255,255,255,255]
merge [141.1] [141.0]
merge [141.2] [141.3]
merge [143] [142]
cut [144] [193,123]
color [144.2] [255,255,255,255]
merge [144.1] [144.0]
merge [144.2] [144.3]
merge [146] [145]
cut [147] [391,124]
merge [147.0] [147.1]
merge [147.3] [147.2]
merge [149] [148]
cut [150] [355,182]
merge [150.0] [150.1]
merge [150.3] [150.2]
merge [152] [151]
cut [153] [257,162]
color [153.2] [26,21,31,255]
merge [153.0] [153.1]
merge [153.3] [153.2]
merge [155] [154]
cut [156] [283,169]
color [156.2] [249,250,252,255]
merge [156.0] [156.1]
merge [156.3] [156.2]
merge [158] [157]
cut [159] [369,217]
merge [159.0] [159.1]
merge [159.3] [159.2]
merge [160] [161]
cut [162] [387,276]
merge [162.0] [162.1]
merge [162.3] [162.2]
merge [163] [164]
cut [165] [360,180]
merge [165.0] [165.1]
merge [165.3] [165.2]
merge [167] [166]
cut [168] [9,280]
merge [168.1] [168.0]
merge [168.2] [168.3]
merge [169] [170]
cut [171] [24,174]
merge [171.1] [171.0]
merge [171.2] [171.3]
merge [173] [172]
cut [174] [73,196]
merge [174.1] [174.0]
merge [174.2] [174.3]
merge [176] [175]
cut [177] [327,200]
merge [177.0] [177.1]
merge [177.3] [177.2]
merge [178] [179]
cut [180] [30,180]
merge [180.1] [180.0]
merge [180.2] [180.3]
merge [182] [181]
cut [183] [371,189]
merge [183.0] [183.1]
merge [183.3] [183.2]
merge [185] [184]
cut [186] [386,277]
merge [186.0] [186.1]
merge [186.3] [186.2]
merge [187] [188]
cut [189] [348,185]
merge [189.0] [189.1]
merge [189.3] [189.2]
merge [191] [190]
cut [192] [387,279]
merge [192.0] [192.1]
merge [192.3] [192.2]
merge [193] [194]
cut [195] [340,74]
color [195.2] [255,255,255,255]
merge [195.0] [195.1]
merge [195.3] [195.2]
merge [197] [196]
cut [198] [56,198]
merge [198.1] [198.0]
merge [198.2] [198.3]
merge [200] [199]
cut [201] [7,275]
merge [201.1] [201.0]
merge [201.2] [201.3]
merge [202] [203]
cut [204] [11,211]
color [204.2] [255,255,255,255]
merge [204.1] [204.0]
merge [204.2] [204.3]
merge [205] [206]
cut [207] [63,198]
merge [207.1] [207.0]
merge [207.2] [207.3]
merge [209] [208]
cut [210] [114,203]
color [210.2] [0,0,0,255]
merge [210.1] [210.0]
merge [210.2] [210.3]
merge [211] [212]
cut [213] [202,200]
color [213.2] [255,255,255,255]
merge [213.0] [213.1]
merge [213.3] [213.2]
merge [215] [214]
cut [216] [14,120]
merge [216.1] [216.0]
merge [216.2] [216.3]
merge [218] [217]
cut [219] [395,117]
merge [219.0] [219.1]
merge [219.3] [219.2]
merge [221] [220]
cut [222] [389,122]
merge [222.0] [222.1]
merge [222.3] [222.2]
merge [224] [223]
cut [225] [384,122]
merge [225.0] [225.1]
merge [225.3] [225.2]
merge [227] [226]
cut [228] [385,278]
merge [228.0] [228.1]
merge [228.3] [228.2]
merge [229] [230]
cut [231] [366,292]
merge [231.0] [231.1]
merge [231.3] [231.2]
merge [232] [233]
cut [234] [363,302]
merge [234.0] [234.1]
merge [234.3] [234.2]
merge [235] [236]
cut [237] [23,287]
merge [237.1] [237.0]
merge [237.2] [237.3]
merge [238] [239]
cut [240] [60,205]
merge [240.1] [240.0]
merge [240.2] [240.3]
merge [241] [242]
cut [243] [6,118]
merge [243.1] [243.0]
merge [243.2] [243.3]
merge [245] [244]
cut [246] [62,208]
merge [246.1] [246.0]
merge [246.2] [246.3]
merge [247] [248]
cut [249] [20,189]
merge [249.1] [249.0]
merge [249.2] [249.3]
merge [251] [250]
cut [252] [60,242]
color [252.2] [0,0,0,255]
merge [252.1] [252.0]
merge [252.2] [252.3]
merge [253] [254]
cut [255] [222,206]
color [255.2] [255,255,255,255]
merge [255.0] [255.1]
merge [255.3] [255.2]
merge [256] [257]
cut [258] [231,210]
color [258.2] [0,0,0,255]
merge [258.0] [258.1]
merge [258.3] [258.2]
merge [259] [260]
cut [261] [379,200]
merge [261.0] [261.1]
merge [261.3] [261.2]
merge [263] [262]
cut [264] [363,196]
merge [264.0] [264.1]
merge [264.3] [264.2]
merge [266] [265]
cut [267] [397,282]
merge [267.0] [267.1]
merge [267.3] [267.2]
merge [268] [269]
cut [270] [340,200]
merge [270.0] [270.1]
merge [270.3] [270.2]
merge [272] [271]
cut [273] [358,205]
merge [273.0] [273.1]
merge [273.3] [273.2]
merge [274] [275]
cut [276] [2,269]
color [276.2] [255,255,255,255]
merge [276.1] [276.0]
merge [276.2] [276.3]
merge [277] [278]
cut [279] [80,269]
color [279.2] [0,0,0,255]
merge [279.1] [279.0]
merge [279.2] [279.3]
merge [280] [281]
cut [282] [19,280]
merge [282.1] [282.0]
merge [282.2] [282.3]
merge [283] [284]
cut [285] [115,266]
color [285.2] [255,255,255,255]
merge [285.1] [285.0]
merge [285.2] [285.3]
merge [286] [287]
cut [288] [5,272]
merge [288.1] [288.0]
merge [288.2] [288.3]
merge [289] [290]
cut [291] [149,265]
color [291.2] [0,0,0,255]
merge [291.1] [291.0]
merge [291.2] [291.3]
merge [292] [293]
cut [294] [231,250]
color [294.2] [255,255,255,255]
merge [294.0] [294.1]
merge [294.3] [294.2]
merge [295] [296]
cut [297] [240,201]
color [297.2] [255,255,255,255]
merge [297.0] [297.1]
merge [297.3] [297.2]
merge [298] [299]
cut [300] [12,282]
merge [300.1] [300.0]
merge [300.2] [300.3]
merge [301] [302]
cut [303] [20,206]
merge [303.1] [303.0]
merge [303.2] [303.3]
merge [304] [305]
cut [306] [2,285]
color [306.2] [255,255,255,255]
merge [306.1] [306.0]
merge [306.2] [306.3]
merge [307] [308]
cut [309] [19,280]
merge [309.1] [309.0]
merge [309.2] [309.3]
merge [310] [311]
cut [312] [17,202]
merge [312.1] [312.0]
merge [312.2] [312.3]
merge [313] [314]
cut [315] [360,301]
merge [315.0] [315.1]
merge [315.3] [315.2]
merge [316] [317]
cut [318] [386,280]
merge [318.0] [318.1]
merge [318.3] [318.2]
merge [319] [320]
cut [321] [65,203]
merge [321.1] [321.0]
merge [321.2] [321.3]
merge [322] [323]
